0
0.0502
0.0753
0.1004
0.1255
0.1506
0.1757
0.2008
0.2259
0.251
0.2761
0.3012
0.3263
0.3514
0.3765
0.4016
0.4267
0.4518
0.4769
0.502
0.5271
0.5522
0.5773
0.6024
0.6275
0.6526
0.6777
0.7028
0.7279
0.753
0.7781
0.8032
0.8283
0.8534
0.8785
0.9036
0.9287
0.9538
0.9789
1.004
1.0291
1.0542
1.0793
1.1044
1.1295
1.1546
1.1797
1.2048
1.2299
1.255
1.2801
1.3052
1.3303
1.3554
1.3805
1.4056
1.4307
1.4558
1.4809
1.506
1.5311
1.5562
1.5813
1.6064
1.6315
1.6566
1.6817
1.7068
1.7319
1.757
1.7821
1.8072
1.8323
1.8574
1.8825
1.9076
1.9327
1.9578
1.9829
2.008
2.0331
2.0582
2.0833
2.1084
2.1335
2.1586
2.1837
2.2088
2.2339
2.259
2.2841
2.3092
2.3343
2.3594
2.3845
2.4096
2.4347
2.4598
2.4849
2.51
2.5351
2.5602
2.5853
2.6104
2.6355
2.6606
2.6857
2.7108
2.7359
2.761
2.7861
2.8112
2.8363
2.8614
2.8865
2.9116
2.9367
2.9618
2.9869
3.012
3.0371
3.0622
3.0873
3.1124
3.1375
3.1626
3.1877
3.2128
3.2379
3.263
3.2881
3.3132
3.3383
3.3634
3.3885
3.4136
3.4387
3.4638
3.4889
3.514
3.5391
3.5642
3.5893
3.6144
3.6395
3.6646
3.6897
3.7148
3.7399
3.765
3.7901
3.8152
3.8403
3.8654
3.8905
3.9156
3.9407
3.9658
3.9909
4.016
4.0411
4.0662
4.0913
4.1164
4.1415
4.1666
4.1917
4.2168
4.2419
4.267
4.2921
4.3172
4.3423
4.3674
4.3925
4.4176
4.4427
4.4678
4.4929
4.518
4.5431
4.5682
4.5933
4.6184
4.6435
4.6686
4.6937
4.7188
4.7439
4.769
4.7941
4.8192
4.8443
4.8694
4.8945
4.9196
4.9447
4.9698
4.9949
5.02
5.0451
5.0702
5.0953
5.1204
5.1455
5.1706
5.1957
5.2208
5.2459
5.271
5.2961
5.3212
5.3463
5.3714
5.3965
5.4216
5.4467
5.4718
5.4969
5.522
5.5471
5.5722
5.5973
5.6224
5.6475
5.6726
5.6977
5.7228
5.7479
5.773
5.7981
5.8232
5.8483
5.8734
5.8985
5.9236
5.9487
5.9738
5.9989
6.024
6.0491
6.0742
6.0993
6.1244
6.1495
6.1746
6.1997
6.2248
6.2499
6.275
6.3001
6.3252
6.3503
6.3754
6.4005
6.4256
6.4507
6.4758
6.5009
6.526
6.5511
6.5762
6.6013
6.6264
6.6515
6.6766
6.7017
6.7268
6.7519
6.777
6.8021
6.8272
6.8523
6.8774
6.9025
6.9276
6.9527
6.9778
7.0029
7.028
7.0531
7.0782
7.1033
7.1284
7.1535
7.1786
7.2037
7.2288
7.2539
7.279
7.3041
7.3292
7.3543
7.3794
7.4045
7.4296
7.4547
7.4798
7.5049
7.53
7.5551
7.5802
7.6053
7.6304
7.6555
7.6806
7.7057
7.7308
7.7559
7.781
7.8061
7.8312
7.8563
7.8814
7.9065
7.9316
7.9567
7.9818
8.0069
8.032
8.0571
8.0822
8.1073
8.1324
8.1575
8.1826
8.2077
8.2328
8.2579
8.283
8.3081
8.3332
8.3583
8.3834
8.4085
8.4336
8.4587
8.4838
8.5089
8.534
8.5591
8.5842
8.6093
8.6344
8.6595
8.6846
8.7097
8.7348
8.7599
8.785
8.8101
8.8352
8.8603
8.8854
8.9105
8.9356
8.9607
8.9858
9.0109
9.036
9.0611
9.0862
9.1113
9.1364
9.1615
9.1866
9.2117
9.2368
9.2619
9.287
9.3121
9.3372
9.3623
9.3874
9.4125
9.4376
9.4627
9.4878
9.5129
9.538
9.5631
9.5882
9.6133
9.6384
9.6635
9.6886
9.7137
9.7388
9.7639
9.789
9.8141
9.8392
9.8643
9.8894
9.9145
9.9396
9.9647
9.9898
10.0149
10.04
10.0651
10.0902
10.1153
10.1404
10.1655
10.1906
10.2157
10.2408
10.2659
10.291
10.3161
10.3412
10.3663
10.3914
10.4165
10.4416
10.4667
10.4918
10.5169
10.542
10.5671
10.5922
10.6173
10.6424
10.6675
10.6926
10.7177
10.7428
10.7679
10.793
10.8181
10.8432
10.8683
10.8934
10.9185
10.9436
10.9687
10.9938
11.0189
11.044
11.0691
11.0942
11.1193
11.1444
11.1695
11.1946
11.2197
11.2448
11.2699
11.295
11.3201
11.3452
11.3703
11.3954
11.4205
11.4456
11.4707
11.4958
11.5209
11.546
11.5711
11.5962
11.6213
11.6464
11.6715
11.6966
11.7217
11.7468
11.7719
11.797
11.8221
11.8472
11.8723
11.8974
11.9225
11.9476
11.9727
11.9978
12.0229
12.048
12.0731
12.0982
12.1233
12.1484
12.1735
12.1986
12.2237
12.2488
12.2739
12.299
12.3241
12.3492
12.3743
12.3994
12.4245
12.4496
12.4747
12.4998
12.5249
12.55
12.5751
12.6002
12.6253
12.6504
12.6755
12.7006
12.7257
12.7508
12.7759
12.801
12.8261
12.8512
12.8763
12.9014
12.9265
12.9516
12.9767
13.0018
13.0269
13.052
13.0771
13.1022
13.1273
13.1524
13.1775
13.2026
13.2277
13.2528
13.2779
13.303
13.3281
13.3532
13.3783
13.4034
13.4285
13.4536
13.4787
13.5038
13.5289
13.554
13.5791
13.6042
13.6293
13.6544
13.6795
13.7046
13.7297
13.7548
13.7799
13.805
13.8301
13.8552
13.8803
13.9054
13.9305
13.9556
13.9807
14.0058
14.0309
14.056
14.0811
14.1062
14.1313
14.1564
14.1815
14.2066
14.2317
14.2568
14.2819
14.307
14.3321
14.3572
14.3823
14.4074
14.4325
14.4576
14.4827
14.5078
14.5329
14.558
14.5831
14.6082
14.6333
14.6584
14.6835
14.7086
14.7337
14.7588
14.7839
14.809
14.8341
14.8592
14.8843
14.9094
14.9345
14.9596
14.9847
15.0098
15.0349
15.06
15.0851
15.1102
15.1353
15.1604
15.1855
15.2106
15.2357
15.2608
15.2859
15.311
15.3361
15.3612
15.3863
15.4114
15.4365
15.4616
15.4867
15.5118
15.5369
15.562
15.5871
15.6122
15.6373
15.6624
15.6875
15.7126
15.7377
15.7628
15.7879
15.813
15.8381
15.8632
15.8883
15.9134
15.9385
15.9636
15.9887
16.0138
16.0389
16.064
16.0891
16.1142
16.1393
16.1644
16.1895
16.2146
16.2397
16.2648
16.2899
16.315
16.3401
16.3652
16.3903
16.4154
16.4405
16.4656
16.4907
16.5158
16.5409
16.566
16.5911
16.6162
16.6413
16.6664
16.6915
16.7166
16.7417
16.7668
16.7919
16.817
16.8421
16.8672
16.8923
16.9174
16.9425
16.9676
16.9927
17.0178
17.0429
17.068
17.0931
17.1182
17.1433
17.1684
17.1935
17.2186
17.2437
17.2688
17.2939
17.319
17.3441
17.3692
17.3943
17.4194
17.4445
17.4696
17.4947
17.5198
17.5449
17.57
17.5951
17.6202
17.6453
17.6704
17.6955
17.7206
17.7457
17.7708
17.7959
17.821
17.8461
17.8712
17.8963
17.9214
17.9465
17.9716
17.9967
18.0218
18.0469
18.072
18.0971
18.1222
18.1473
18.1724
18.1975
18.2226
18.2477
18.2728
18.2979
18.323
18.3481
18.3732
18.3983
18.4234
18.4485
18.4736
18.4987
18.5238
18.5489
18.574
18.5991
18.6242
18.6493
18.6744
18.6995
18.7246
18.7497
18.7748
18.7999
18.825
18.8501
18.8752
18.9003
18.9254
18.9505
18.9756
19.0007
19.0258
19.0509
19.076
19.1011
19.1262
19.1513
19.1764
19.2015
19.2266
19.2517
19.2768
19.3019
19.327
19.3521
19.3772
19.4023
19.4274
19.4525
19.4776
19.5027
19.5278
19.5529
19.578
19.6031
19.6282
19.6533
19.6784
19.7035
19.7286
19.7537
19.7788
19.8039
19.829
19.8541
19.8792
19.9043
19.9294
19.9545
19.9796
20.0047
20.0298
20.0549
20.08
20.1051
20.1302
20.1553
20.1804
20.2055
20.2306
20.2557
20.2808
20.3059
20.331
20.3561
20.3812
20.4063
20.4314
20.4565
20.4816
20.5067
20.5318
20.5569
20.582
20.6071
20.6322
20.6573
20.6824
20.7075
20.7326
20.7577
20.7828
20.8079
20.833
20.8581
20.8832
20.9083
20.9334
20.9585
20.9836
21.0087
21.0338
21.0589
21.084
21.1091
21.1342
21.1593
21.1844
21.2095
21.2346
21.2597
21.2848
21.3099
21.335
21.3601
21.3852
21.4103
21.4354
21.4605
21.4856
21.5107
21.5358
21.5609
21.586
21.6111
21.6362
21.6613
21.6864
21.7115
21.7366
21.7617
21.7868
21.8119
21.837
21.8621
21.8872
21.9123
21.9374
21.9625
21.9876
22.0127
22.0378
22.0629
22.088
22.1131
22.1382
22.1633
22.1884
22.2135
22.2386
22.2637
22.2888
22.3139
22.339
22.3641
22.3892
22.4143
22.4394
22.4645
22.4896
22.5147
22.5398
22.5649
22.59
22.6151
22.6402
22.6653
22.6904
22.7155
22.7406
22.7657
22.7908
22.8159
22.841
22.8661
22.8912
22.9163
22.9414
22.9665
22.9916
23.0167
23.0418
23.0669
23.092
23.1171
23.1422
23.1673
23.1924
23.2175
23.2426
23.2677
23.2928
23.3179
23.343
23.3681
23.3932
23.4183
23.4434
23.4685
23.4936
23.5187
23.5438
23.5689
23.594
23.6191
23.6442
23.6693
23.6944
23.7195
23.7446
23.7697
23.7948
23.8199
23.845
23.8701
23.8952
23.9203
23.9454
23.9705
23.9956
24.0207
24.0458
24.0709
24.096
24.1211
24.1462
24.1713
24.1964
24.2215
24.2466
24.2717
24.2968
24.3219
24.347
24.3721
24.3972
24.4223
24.4474
24.4725
24.4976
24.5227
24.5478
24.5729
24.598
24.6231
24.6482
24.6733
24.6984
24.7235
24.7486
24.7737
24.7988
24.8239
24.849
24.8741
24.8992
24.9243
24.9494
24.9745
24.9996
25.0247
25.0498
25.0749
25.1
25.1251
25.1502
25.1753
25.2004
25.2255
25.2506
25.2757
25.3008
25.3259
25.351
25.3761
25.4012
25.4263
25.4514
25.4765
25.5016
25.5267
25.5518
25.5769
25.602
25.6271
25.6522
25.6773
25.7024
25.7275
25.7526
25.7777
25.8028
25.8279
25.853
25.8781
25.9032
25.9283
25.9534
25.9785
26.0036
26.0287
26.0538
26.0789
26.104
26.1291
26.1542
26.1793
26.2044
26.2295
26.2546
26.2797
26.3048
26.3299
26.355
26.3801
26.4052
26.4303
26.4554
26.4805
26.5056
26.5307
26.5558
26.5809
26.606
26.6311
26.6562
26.6813
26.7064
26.7315
26.7566
26.7817
26.8068
26.8319
26.857
26.8821
26.9072
26.9323
26.9574
26.9825
27.0076
27.0327
27.0578
27.0829
27.108
27.1331
27.1582
27.1833
27.2084
27.2335
27.2586
27.2837
27.3088
27.3339
27.359
27.3841
27.4092
27.4343
27.4594
27.4845
27.5096
27.5347
27.5598
27.5849
27.61
27.6351
27.6602
27.6853
27.7104
27.7355
27.7606
27.7857
27.8108
27.8359
27.861
27.8861
27.9112
27.9363
27.9614
27.9865
28.0116
28.0367
28.0618
28.0869
28.112
28.1371
28.1622
28.1873
28.2124
28.2375
28.2626
28.2877
28.3128
28.3379
28.363
28.3881
28.4132
28.4383
28.4634
28.4885
28.5136
28.5387
28.5638
28.5889
28.614
28.6391
28.6642
28.6893
28.7144
28.7395
28.7646
28.7897
28.8148
28.8399
28.865
28.8901
28.9152
28.9403
28.9654
28.9905
29.0156
29.0407
29.0658
29.0909
29.116
29.1411
29.1662
29.1913
29.2164
29.2415
29.2666
29.2917
29.3168
29.3419
29.367
29.3921
29.4172
29.4423
29.4674
29.4925
29.5176
29.5427
29.5678
29.5929
29.618
29.6431
29.6682
29.6933
29.7184
29.7435
29.7686
29.7937
29.8188
29.8439
29.869
29.8941
29.9192
29.9443
29.9694
29.9945
30.0196
30.0447
30.0698
30.0949
30.12
30.1451
30.1702
30.1953
30.2204
30.2455
30.2706
30.2957
30.3208
30.3459
30.371
30.3961
30.4212
30.4463
30.4714
30.4965
30.5216
30.5467
30.5718
30.5969
30.622
30.6471
30.6722
30.6973
30.7224
30.7475
30.7726
30.7977
30.8228
30.8479
30.873
30.8981
30.9232
30.9483
30.9734
30.9985
31.0236
31.0487
31.0738
31.0989
31.124
31.1491
31.1742
31.1993
31.2244
31.2495
31.2746
31.2997
31.3248
31.3499
31.375
31.4001
31.4252
31.4503
31.4754
31.5005
31.5256
31.5507
31.5758
31.6009
31.626
31.6511
31.6762
31.7013
31.7264
31.7515
31.7766
31.8017
31.8268
31.8519
31.877
31.9021
31.9272
31.9523
31.9774
32.0025
32.0276
32.0527
32.0778
32.1029
32.128
32.1531
32.1782
32.2033
32.2284
32.2535
32.2786
32.3037
32.3288
32.3539
32.379
32.4041
32.4292
32.4543
32.4794
32.5045
32.5296
32.5547
32.5798
32.6049
32.63
32.6551
32.6802
32.7053
32.7304
32.7555
32.7806
32.8057
32.8308
32.8559
32.881
32.9061
32.9312
32.9563
32.9814
33.0065
33.0316
33.0567
33.0818
33.1069
33.132
33.1571
33.1822
33.2073
33.2324
33.2575
33.2826
33.3077
33.3328
33.3579
33.383
33.4081
33.4332
33.4583
33.4834
33.5085
33.5336
33.5587
33.5838
33.6089
33.634
33.6591
33.6842
33.7093
33.7344
33.7595
33.7846
33.8097
33.8348
33.8599
33.885
33.9101
33.9352
33.9603
33.9854
34.0105
34.0356
34.0607
34.0858
34.1109
34.136
34.1611
34.1862
34.2113
34.2364
34.2615
34.2866
34.3117
34.3368
34.3619
34.387
34.4121
34.4372
34.4623
34.4874
34.5125
34.5376
34.5627
34.5878
34.6129
34.638
34.6631
34.6882
34.7133
34.7384
34.7635
34.7886
34.8137
34.8388
34.8639
34.889
34.9141
34.9392
34.9643
34.9894
35.0145
35.0396
35.0647
35.0898
35.1149
35.14
35.1651
35.1902
35.2153
35.2404
35.2655
35.2906
35.3157
35.3408
35.3659
35.391
35.4161
35.4412
35.4663
35.4914
35.5165
35.5416
35.5667
35.5918
35.6169
35.642
35.6671
35.6922
35.7173
35.7424
35.7675
35.7926
35.8177
35.8428
35.8679
35.893
35.9181
35.9432
35.9683
35.9934
36.0185
36.0436
36.0687
36.0938
36.1189
36.144
36.1691
36.1942
36.2193
36.2444
36.2695
36.2946
36.3197
36.3448
36.3699
36.395
36.4201
36.4452
36.4703
36.4954
36.5205
36.5456
36.5707
36.5958
36.6209
36.646
36.6711
36.6962
36.7213
36.7464
36.7715
36.7966
36.8217
36.8468
36.8719
36.897
36.9221
36.9472
36.9723
36.9974
37.0225
37.0476
37.0727
37.0978
37.1229
37.148
37.1731
37.1982
37.2233
37.2484
37.2735
37.2986
37.3237
37.3488
37.3739
37.399
37.4241
37.4492
37.4743
37.4994
37.5245
37.5496
37.5747
37.5998
37.6249
37.65
37.6751
37.7002
37.7253
37.7504
37.7755
37.8006
37.8257
37.8508
37.8759
37.901
37.9261
37.9512
37.9763
38.0014
38.0265
38.0516
38.0767
38.1018
38.1269
38.152
38.1771
38.2022
38.2273
38.2524
38.2775
38.3026
38.3277
38.3528
38.3779
38.403
38.4281
38.4532
38.4783
38.5034
38.5285
38.5536
38.5787
38.6038
38.6289
38.654
38.6791
38.7042
38.7293
38.7544
38.7795
38.8046
38.8297
38.8548
38.8799
38.905
38.9301
38.9552
38.9803
39.0054
39.0305
39.0556
39.0807
39.1058
39.1309
39.156
39.1811
39.2062
39.2313
39.2564
39.2815
39.3066
39.3317
39.3568
39.3819
39.407
39.4321
39.4572
39.4823
39.5074
39.5325
39.5576
39.5827
39.6078
39.6329
39.658
39.6831
39.7082
39.7333
39.7584
39.7835
39.8086
39.8337
39.8588
39.8839
39.909
39.9341
39.9592
39.9843
40.0094
40.0345
40.0596
40.0847
40.1098
40.1349
40.16
40.1851
40.2102
40.2353
40.2604
40.2855
40.3106
40.3357
40.3608
40.3859
40.411
40.4361
40.4612
40.4863
40.5114
40.5365
40.5616
40.5867
40.6118
40.6369
40.662
40.6871
40.7122
40.7373
40.7624
40.7875
40.8126
40.8377
40.8628
40.8879
40.913
40.9381
40.9632
40.9883
41.0134
41.0385
41.0636
41.0887
41.1138
41.1389
41.164
41.1891
41.2142
41.2393
41.2644
41.2895
41.3146
41.3397
41.3648
41.3899
41.415
41.4401
41.4652
41.4903
41.5154
41.5405
41.5656
41.5907
41.6158
41.6409
41.666
41.6911
41.7162
41.7413
41.7664
41.7915
41.8166
41.8417
41.8668
41.8919
41.917
41.9421
41.9672
41.9923
42.0174
42.0425
42.0676
42.0927
42.1178
42.1429
42.168
42.1931
42.2182
42.2433
42.2684
42.2935
42.3186
42.3437
42.3688
42.3939
42.419
42.4441
42.4692
42.4943
42.5194
42.5445
42.5696
42.5947
42.6198
42.6449
42.67
42.6951
42.7202
42.7453
42.7704
42.7955
42.8206
42.8457
42.8708
42.8959
42.921
42.9461
42.9712
42.9963
43.0214
43.0465
43.0716
43.0967
43.1218
43.1469
43.172
43.1971
43.2222
43.2473
43.2724
43.2975
43.3226
43.3477
43.3728
43.3979
43.423
43.4481
43.4732
43.4983
43.5234
43.5485
43.5736
43.5987
43.6238
43.6489
43.674
43.6991
43.7242
43.7493
43.7744
43.7995
43.8246
43.8497
43.8748
43.8999
43.925
43.9501
43.9752
44.0003
44.0254
44.0505
44.0756
44.1007
44.1258
44.1509
44.176
44.2011
44.2262
44.2513
44.2764
44.3015
44.3266
44.3517
44.3768
44.4019
44.427
44.4521
44.4772
44.5023
44.5274
44.5525
44.5776
44.6027
44.6278
44.6529
44.678
44.7031
44.7282
44.7533
44.7784
44.8035
44.8286
44.8537
44.8788
44.9039
44.929
44.9541
44.9792
45.0043
45.0294
45.0545
45.0796
45.1047
45.1298
45.1549
45.18
45.2051
45.2302
45.2553
45.2804
45.3055
45.3306
45.3557
45.3808
45.4059
45.431
45.4561
45.4812
45.5063
45.5314
45.5565
45.5816
45.6067
45.6318
45.6569
45.682
45.7071
45.7322
45.7573
45.7824
45.8075
45.8326
45.8577
45.8828
45.9079
45.933
45.9581
45.9832
46.0083
46.0334
46.0585
46.0836
46.1087
46.1338
46.1589
46.184
46.2091
46.2342
46.2593
46.2844
46.3095
46.3346
46.3597
46.3848
46.4099
46.435
46.4601
46.4852
46.5103
46.5354
46.5605
46.5856
46.6107
46.6358
46.6609
46.686
46.7111
46.7362
46.7613
46.7864
46.8115
46.8366
46.8617
46.8868
46.9119
46.937
46.9621
46.9872
47.0123
47.0374
47.0625
47.0876
47.1127
47.1378
47.1629
47.188
47.2131
47.2382
47.2633
47.2884
47.3135
47.3386
47.3637
47.3888
47.4139
47.439
47.4641
47.4892
47.5143
47.5394
47.5645
47.5896
47.6147
47.6398
47.6649
47.69
47.7151
47.7402
47.7653
47.7904
47.8155
47.8406
47.8657
47.8908
47.9159
47.941
47.9661
47.9912
48.0163
48.0414
48.0665
48.0916
48.1167
48.1418
48.1669
48.192
48.2171
48.2422
48.2673
48.2924
48.3175
48.3426
48.3677
48.3928
48.4179
48.443
48.4681
48.4932
48.5183
48.5434
48.5685
48.5936
48.6187
48.6438
48.6689
48.694
48.7191
48.7442
48.7693
48.7944
48.8195
48.8446
48.8697
48.8948
48.9199
48.945
48.9701
48.9952
49.0203
49.0454
49.0705
49.0956
49.1207
49.1458
49.1709
49.196
49.2211
49.2462
49.2713
49.2964
49.3215
49.3466
49.3717
49.3968
49.4219
49.447
49.4721
49.4972
49.5223
49.5474
49.5725
49.5976
49.6227
49.6478
49.6729
49.698
49.7231
49.7482
49.7733
49.7984
49.8235
49.8486
49.8737
49.8988
49.9239
49.949
49.9741
49.9992
50.0243
50.0494
50.0745
50.0996
50.1247
50.1498
50.1749
50.2
50.2251
50.2502
50.2753
50.3004
50.3255
50.3506
50.3757
50.4008
50.4259
50.451
50.4761
50.5012
50.5263
50.5514
50.5765
50.6016
50.6267
50.6518
50.6769
50.702
50.7271
50.7522
50.7773
50.8024
50.8275
50.8526
50.8777
50.9028
50.9279
50.953
50.9781
51.0032
51.0283
51.0534
51.0785
51.1036
51.1287
51.1538
51.1789
51.204
51.2291
51.2542
51.2793
51.3044
51.3295
51.3546
51.3797
51.4048
51.4299
51.455
51.4801
51.5052
51.5303
51.5554
51.5805
51.6056
51.6307
51.6558
51.6809
51.706
51.7311
51.7562
51.7813
51.8064
51.8315
51.8566
51.8817
51.9068
51.9319
51.957
51.9821
52.0072
52.0323
52.0574
52.0825
52.1076
52.1327
52.1578
52.1829
52.208
52.2331
52.2582
52.2833
52.3084
52.3335
52.3586
52.3837
52.4088
52.4339
52.459
52.4841
52.5092
52.5343
52.5594
52.5845
52.6096
52.6347
52.6598
52.6849
52.71
52.7351
52.7602
52.7853
52.8104
52.8355
52.8606
52.8857
52.9108
52.9359
52.961
52.9861
53.0112
53.0363
53.0614
53.0865
53.1116
53.1367
53.1618
53.1869
53.212
53.2371
53.2622
53.2873
53.3124
53.3375
53.3626
53.3877
53.4128
53.4379
53.463
53.4881
53.5132
53.5383
53.5634
53.5885
53.6136
53.6387
53.6638
53.6889
53.714
53.7391
53.7642
53.7893
53.8144
53.8395
53.8646
53.8897
53.9148
53.9399
53.965
53.9901
54.0152
54.0403
54.0654
54.0905
54.1156
54.1407
54.1658
54.1909
54.216
54.2411
54.2662
54.2913
54.3164
54.3415
54.3666
54.3917
54.4168
54.4419
54.467
54.4921
54.5172
54.5423
54.5674
54.5925
54.6176
54.6427
54.6678
54.6929
54.718
54.7431
54.7682
54.7933
54.8184
54.8435
54.8686
54.8937
54.9188
54.9439
54.969
54.9941
55.0192
55.0443
55.0694
55.0945
55.1196
55.1447
55.1698
55.1949
55.22
55.2451
55.2702
55.2953
55.3204
55.3455
55.3706
55.3957
55.4208
55.4459
55.471
55.4961
55.5212
55.5463
55.5714
55.5965
55.6216
55.6467
55.6718
55.6969
55.722
55.7471
55.7722
55.7973
55.8224
55.8475
55.8726
55.8977
55.9228
55.9479
55.973
55.9981
56.0232
56.0483
56.0734
56.0985
56.1236
56.1487
56.1738
56.1989
56.224
56.2491
56.2742
56.2993
56.3244
56.3495
56.3746
56.3997
56.4248
56.4499
56.475
56.5001
56.5252
56.5503
56.5754
56.6005
56.6256
56.6507
56.6758
56.7009
56.726
56.7511
56.7762
56.8013
56.8264
56.8515
56.8766
56.9017
56.9268
56.9519
56.977
57.0021
57.0272
57.0523
57.0774
57.1025
57.1276
57.1527
57.1778
57.2029
57.228
57.2531
57.2782
57.3033
57.3284
57.3535
57.3786
57.4037
57.4288
57.4539
57.479
57.5041
57.5292
57.5543
57.5794
57.6045
57.6296
57.6547
57.6798
57.7049
57.73
57.7551
57.7802
57.8053
57.8304
57.8555
57.8806
57.9057
57.9308
57.9559
57.981
58.0061
58.0312
58.0563
58.0814
58.1065
58.1316
58.1567
58.1818
58.2069
58.232
58.2571
58.2822
58.3073
58.3324
58.3575
58.3826
58.4077
58.4328
58.4579
58.483
58.5081
58.5332
58.5583
58.5834
58.6085
58.6336
58.6587
58.6838
58.7089
58.734
58.7591
58.7842
58.8093
58.8344
58.8595
58.8846
58.9097
58.9348
58.9599
58.985
59.0101
59.0352
59.0603
59.0854
59.1105
59.1356
59.1607
59.1858
59.2109
59.236
59.2611
59.2862
59.3113
59.3364
59.3615
59.3866
59.4117
59.4368
59.4619
59.487
59.5121
59.5372
59.5623
59.5874
59.6125
59.6376
59.6627
59.6878
59.7129
59.738
59.7631
59.7882
59.8133
59.8384
59.8635
59.8886
59.9137
59.9388
59.9639
59.989
60.0141
60.0392
60.0643
60.0894
60.1145
60.1396
60.1647
60.1898
60.2149
60.24
60.2651
60.2902
60.3153
60.3404
60.3655
60.3906
60.4157
60.4408
60.4659
60.491
60.5161
60.5412
60.5663
60.5914
60.6165
60.6416
60.6667
60.6918
60.7169
60.742
60.7671
60.7922
60.8173
60.8424
60.8675
60.8926
60.9177
60.9428
60.9679
60.993
61.0181
61.0432
61.0683
61.0934
61.1185
61.1436
61.1687
61.1938
61.2189
61.244
61.2691
61.2942
61.3193
61.3444
61.3695
61.3946
61.4197
61.4448
61.4699
61.495
61.5201
61.5452
61.5703
61.5954
61.6205
61.6456
61.6707
61.6958
61.7209
61.746
61.7711
61.7962
61.8213
61.8464
61.8715
61.8966
61.9217
61.9468
61.9719
61.997
62.0221
62.0472
62.0723
62.0974
62.1225
62.1476
62.1727
62.1978
62.2229
62.248
62.2731
62.2982
62.3233
62.3484
62.3735
62.3986
62.4237
62.4488
62.4739
62.499
62.5241
62.5492
62.5743
62.5994
62.6245
62.6496
62.6747
62.6998
62.7249
62.75
62.7751
62.8002
62.8253
62.8504
62.8755
62.9006
62.9257
62.9508
62.9759
63.001
63.0261
63.0512
63.0763
63.1014
63.1265
63.1516
63.1767
63.2018
63.2269
63.252
63.2771
63.3022
63.3273
63.3524
63.3775
63.4026
63.4277
63.4528
63.4779
63.503
63.5281
63.5532
63.5783
63.6034
63.6285
63.6536
63.6787
63.7038
63.7289
63.754
63.7791
63.8042
63.8293
63.8544
63.8795
63.9046
63.9297
63.9548
63.9799
64.005
64.0301
64.0552
64.0803
64.1054
64.1305
64.1556
64.1807
64.2058
64.2309
64.256
64.2811
64.3062
64.3313
64.3564
64.3815
64.4066
64.4317
64.4568
64.4819
64.507
64.5321
64.5572
64.5823
64.6074
64.6325
64.6576
64.6827
64.7078
64.7329
64.758
64.7831
64.8082
64.8333
64.8584
64.8835
64.9086
64.9337
64.9588
64.9839
65.009
65.0341
65.0592
65.0843
65.1094
65.1345
65.1596
65.1847
65.2098
65.2349
65.26
65.2851
65.3102
65.3353
65.3604
65.3855
65.4106
65.4357
65.4608
65.4859
65.511
65.5361
65.5612
65.5863
65.6114
65.6365
65.6616
65.6867
65.7118
65.7369
65.762
65.7871
65.8122
65.8373
65.8624
65.8875
65.9126
65.9377
65.9628
65.9879
66.013
66.0381
66.0632
66.0883
66.1134
66.1385
66.1636
66.1887
66.2138
66.2389
66.264
66.2891
66.3142
66.3393
66.3644
66.3895
66.4146
66.4397
66.4648
66.4899
66.515
66.5401
66.5652
66.5903
66.6154
66.6405
66.6656
66.6907
66.7158
66.7409
66.766
66.7911
66.8162
66.8413
66.8664
66.8915
66.9166
66.9417
66.9668
66.9919
67.017
67.0421
67.0672
67.0923
67.1174
67.1425
67.1676
67.1927
67.2178
67.2429
67.268
67.2931
67.3182
67.3433
67.3684
67.3935
67.4186
67.4437
67.4688
67.4939
67.519
67.5441
67.5692
67.5943
67.6194
67.6445
67.6696
67.6947
67.7198
67.7449
67.77
67.7951
67.8202
67.8453
67.8704
67.8955
67.9206
67.9457
67.9708
67.9959
68.021
68.0461
68.0712
68.0963
68.1214
68.1465
68.1716
68.1967
68.2218
68.2469
68.272
68.2971
68.3222
68.3473
68.3724
68.3975
68.4226
68.4477
68.4728
68.4979
68.523
68.5481
68.5732
68.5983
68.6234
68.6485
68.6736
68.6987
68.7238
68.7489
68.774
68.7991
68.8242
68.8493
68.8744
68.8995
68.9246
68.9497
68.9748
68.9999
69.025
69.0501
69.0752
69.1003
69.1254
69.1505
69.1756
69.2007
69.2258
69.2509
69.276
69.3011
69.3262
69.3513
69.3764
69.4015
69.4266
69.4517
69.4768
69.5019
69.527
69.5521
69.5772
69.6023
69.6274
69.6525
69.6776
69.7027
69.7278
69.7529
69.778
69.8031
69.8282
69.8533
69.8784
69.9035
69.9286
69.9537
69.9788
70.0039
70.029
70.0541
70.0792
70.1043
70.1294
70.1545
70.1796
70.2047
70.2298
70.2549
70.28
70.3051
70.3302
70.3553
70.3804
70.4055
70.4306
70.4557
70.4808
70.5059
70.531
70.5561
70.5812
70.6063
70.6314
70.6565
70.6816
70.7067
70.7318
70.7569
70.782
70.8071
70.8322
70.8573
70.8824
70.9075
70.9326
70.9577
70.9828
71.0079
71.033
71.0581
71.0832
71.1083
71.1334
71.1585
71.1836
71.2087
71.2338
71.2589
71.284
71.3091
71.3342
71.3593
71.3844
71.4095
71.4346
71.4597
71.4848
71.5099
71.535
71.5601
71.5852
71.6103
71.6354
71.6605
71.6856
71.7107
71.7358
71.7609
71.786
71.8111
71.8362
71.8613
71.8864
71.9115
71.9366
71.9617
71.9868
72.0119
72.037
72.0621
72.0872
72.1123
72.1374
72.1625
72.1876
72.2127
72.2378
72.2629
72.288
72.3131
72.3382
72.3633
72.3884
72.4135
72.4386
72.4637
72.4888
72.5139
72.539
72.5641
72.5892
72.6143
72.6394
72.6645
72.6896
72.7147
72.7398
72.7649
72.79
72.8151
72.8402
72.8653
72.8904
72.9155
72.9406
72.9657
72.9908
73.0159
73.041
73.0661
73.0912
73.1163
73.1414
73.1665
73.1916
73.2167
73.2418
73.2669
73.292
73.3171
73.3422
73.3673
73.3924
73.4175
73.4426
73.4677
73.4928
73.5179
73.543
73.5681
73.5932
73.6183
73.6434
73.6685
73.6936
73.7187
73.7438
73.7689
73.794
73.8191
73.8442
73.8693
73.8944
73.9195
73.9446
73.9697
73.9948
74.0199
74.045
74.0701
74.0952
74.1203
74.1454
74.1705
74.1956
74.2207
74.2458
74.2709
74.296
74.3211
74.3462
74.3713
74.3964
74.4215
74.4466
74.4717
74.4968
74.5219
74.547
74.5721
74.5972
74.6223
74.6474
74.6725
74.6976
74.7227
74.7478
74.7729
74.798
74.8231
74.8482
74.8733
74.8984
74.9235
74.9486
74.9737
74.9988
75.0239
75.049
75.0741
75.0992
75.1243
75.1494
75.1745
75.1996
75.2247
75.2498
75.2749
75.3
75.3251
75.3502
75.3753
75.4004
75.4255
75.4506
75.4757
75.5008
75.5259
75.551
75.5761
75.6012
75.6263
75.6514
75.6765
75.7016
75.7267
75.7518
75.7769
75.802
75.8271
75.8522
75.8773
75.9024
75.9275
75.9526
75.9777
76.0028
76.0279
76.053
76.0781
76.1032
76.1283
76.1534
76.1785
76.2036
76.2287
76.2538
76.2789
76.304
76.3291
76.3542
76.3793
76.4044
76.4295
76.4546
76.4797
76.5048
76.5299
76.555
76.5801
76.6052
76.6303
76.6554
76.6805
76.7056
76.7307
76.7558
76.7809
76.806
76.8311
76.8562
76.8813
76.9064
76.9315
76.9566
76.9817
77.0068
77.0319
77.057
77.0821
77.1072
77.1323
77.1574
77.1825
77.2076
77.2327
77.2578
77.2829
77.308
77.3331
77.3582
77.3833
77.4084
77.4335
77.4586
77.4837
77.5088
77.5339
77.559
77.5841
77.6092
77.6343
77.6594
77.6845
77.7096
77.7347
77.7598
77.7849
77.81
77.8351
77.8602
77.8853
77.9104
77.9355
77.9606
77.9857
78.0108
78.0359
78.061
78.0861
78.1112
78.1363
78.1614
78.1865
78.2116
78.2367
78.2618
78.2869
78.312
78.3371
78.3622
78.3873
78.4124
78.4375
78.4626
78.4877
78.5128
78.5379
78.563
78.5881
78.6132
78.6383
78.6634
78.6885
78.7136
78.7387
78.7638
78.7889
78.814
78.8391
78.8642
78.8893
78.9144
78.9395
78.9646
78.9897
79.0148
79.0399
79.065
79.0901
79.1152
79.1403
79.1654
79.1905
79.2156
79.2407
79.2658
79.2909
79.316
79.3411
79.3662
79.3913
79.4164
79.4415
79.4666
79.4917
79.5168
79.5419
79.567
79.5921
79.6172
79.6423
79.6674
79.6925
79.7176
79.7427
79.7678
79.7929
79.818
79.8431
79.8682
79.8933
79.9184
79.9435
79.9686
79.9937
80.0188
80.0439
80.069
80.0941
80.1192
80.1443
80.1694
80.1945
80.2196
80.2447
80.2698
80.2949
80.32
80.3451
80.3702
80.3953
80.4204
80.4455
80.4706
80.4957
80.5208
80.5459
80.571
80.5961
80.6212
80.6463
80.6714
80.6965
80.7216
80.7467
80.7718
80.7969
80.822
80.8471
80.8722
80.8973
80.9224
80.9475
80.9726
80.9977
81.0228
81.0479
81.073
81.0981
81.1232
81.1483
81.1734
81.1985
81.2236
81.2487
81.2738
81.2989
81.324
81.3491
81.3742
81.3993
81.4244
81.4495
81.4746
81.4997
81.5248
81.5499
81.575
81.6001
81.6252
81.6503
81.6754
81.7005
81.7256
81.7507
81.7758
81.8009
81.826
81.8511
81.8762
81.9013
81.9264
81.9515
81.9766
82.0017
82.0268
82.0519
82.077
82.1021
82.1272
82.1523
82.1774
82.2025
82.2276
82.2527
82.2778
82.3029
82.328
82.3531
82.3782
82.4033
82.4284
82.4535
82.4786
82.5037
82.5288
82.5539
82.579
82.6041
82.6292
82.6543
82.6794
82.7045
82.7296
82.7547
82.7798
82.8049
82.83
82.8551
82.8802
82.9053
82.9304
82.9555
82.9806
83.0057
83.0308
83.0559
83.081
83.1061
83.1312
83.1563
83.1814
83.2065
83.2316
83.2567
83.2818
83.3069
83.332
83.3571
83.3822
83.4073
83.4324
83.4575
83.4826
83.5077
83.5328
83.5579
83.583
83.6081
83.6332
83.6583
83.6834
83.7085
83.7336
83.7587
83.7838
83.8089
83.834
83.8591
83.8842
83.9093
83.9344
83.9595
83.9846
84.0097
84.0348
84.0599
84.085
84.1101
84.1352
84.1603
84.1854
84.2105
84.2356
84.2607
84.2858
84.3109
84.336
84.3611
84.3862
84.4113
84.4364
84.4615
84.4866
84.5117
84.5368
84.5619
84.587
84.6121
84.6372
84.6623
84.6874
84.7125
84.7376
84.7627
84.7878
84.8129
84.838
84.8631
84.8882
84.9133
84.9384
84.9635
84.9886
85.0137
85.0388
85.0639
85.089
85.1141
85.1392
85.1643
85.1894
85.2145
85.2396
85.2647
85.2898
85.3149
85.34
85.3651
85.3902
85.4153
85.4404
85.4655
85.4906
85.5157
85.5408
85.5659
85.591
85.6161
85.6412
85.6663
85.6914
85.7165
85.7416
85.7667
85.7918
85.8169
85.842
85.8671
85.8922
85.9173
85.9424
85.9675
85.9926
86.0177
86.0428
86.0679
86.093
86.1181
86.1432
86.1683
86.1934
86.2185
86.2436
86.2687
86.2938
86.3189
86.344
86.3691
86.3942
86.4193
86.4444
86.4695
86.4946
86.5197
86.5448
86.5699
86.595
86.6201
86.6452
86.6703
86.6954
86.7205
86.7456
86.7707
86.7958
86.8209
86.846
86.8711
86.8962
86.9213
86.9464
86.9715
86.9966
87.0217
87.0468
87.0719
87.097
87.1221
87.1472
87.1723
87.1974
87.2225
87.2476
87.2727
87.2978
87.3229
87.348
87.3731
87.3982
87.4233
87.4484
87.4735
87.4986
87.5237
87.5488
87.5739
87.599
87.6241
87.6492
87.6743
87.6994
87.7245
87.7496
87.7747
87.7998
87.8249
87.85
87.8751
87.9002
87.9253
87.9504
87.9755
88.0006
88.0257
88.0508
88.0759
88.101
88.1261
88.1512
88.1763
88.2014
88.2265
88.2516
88.2767
88.3018
88.3269
88.352
88.3771
88.4022
88.4273
88.4524
88.4775
88.5026
88.5277
88.5528
88.5779
88.603
88.6281
88.6532
88.6783
88.7034
88.7285
88.7536
88.7787
88.8038
88.8289
88.854
88.8791
88.9042
88.9293
88.9544
88.9795
89.0046
89.0297
89.0548
89.0799
89.105
89.1301
89.1552
89.1803
89.2054
89.2305
89.2556
89.2807
89.3058
89.3309
89.356
89.3811
89.4062
89.4313
89.4564
89.4815
89.5066
89.5317
89.5568
89.5819
89.607
89.6321
89.6572
89.6823
89.7074
89.7325
89.7576
89.7827
89.8078
89.8329
89.858
89.8831
89.9082
89.9333
89.9584
89.9835
90.0086
90.0337
90.0588
90.0839
90.109
90.1341
90.1592
90.1843
90.2094
90.2345
90.2596
90.2847
90.3098
90.3349
90.36
90.3851
90.4102
90.4353
90.4604
90.4855
90.5106
90.5357
90.5608
90.5859
90.611
90.6361
90.6612
90.6863
90.7114
90.7365
90.7616
90.7867
90.8118
90.8369
90.862
90.8871
90.9122
90.9373
90.9624
90.9875
91.0126
91.0377
91.0628
91.0879
91.113
91.1381
91.1632
91.1883
91.2134
91.2385
91.2636
91.2887
91.3138
91.3389
91.364
91.3891
91.4142
91.4393
91.4644
91.4895
91.5146
91.5397
91.5648
91.5899
91.615
91.6401
91.6652
91.6903
91.7154
91.7405
91.7656
91.7907
91.8158
91.8409
91.866
91.8911
91.9162
91.9413
91.9664
91.9915
92.0166
92.0417
92.0668
92.0919
92.117
92.1421
92.1672
92.1923
92.2174
92.2425
92.2676
92.2927
92.3178
92.3429
92.368
92.3931
92.4182
92.4433
92.4684
92.4935
92.5186
92.5437
92.5688
92.5939
92.619
92.6441
92.6692
92.6943
92.7194
92.7445
92.7696
92.7947
92.8198
92.8449
92.87
92.8951
92.9202
92.9453
92.9704
92.9955
93.0206
93.0457
93.0708
93.0959
93.121
93.1461
93.1712
93.1963
93.2214
93.2465
93.2716
93.2967
93.3218
93.3469
93.372
93.3971
93.4222
93.4473
93.4724
93.4975
93.5226
93.5477
93.5728
93.5979
93.623
93.6481
93.6732
93.6983
93.7234
93.7485
93.7736
93.7987
93.8238
93.8489
93.874
93.8991
93.9242
93.9493
93.9744
93.9995
94.0246
94.0497
94.0748
94.0999
94.125
94.1501
94.1752
94.2003
94.2254
94.2505
94.2756
94.3007
94.3258
94.3509
94.376
94.4011
94.4262
94.4513
94.4764
94.5015
94.5266
94.5517
94.5768
94.6019
94.627
94.6521
94.6772
94.7023
94.7274
94.7525
94.7776
94.8027
94.8278
94.8529
94.878
94.9031
94.9282
94.9533
94.9784
95.0035
95.0286
95.0537
95.0788
95.1039
95.129
95.1541
95.1792
95.2043
95.2294
95.2545
95.2796
95.3047
95.3298
95.3549
95.38
95.4051
95.4302
95.4553
95.4804
95.5055
95.5306
95.5557
95.5808
95.6059
95.631
95.6561
95.6812
95.7063
95.7314
95.7565
95.7816
95.8067
95.8318
95.8569
95.882
95.9071
95.9322
95.9573
95.9824
96.0075
96.0326
96.0577
96.0828
96.1079
96.133
96.1581
96.1832
96.2083
96.2334
96.2585
96.2836
96.3087
96.3338
96.3589
96.384
96.4091
96.4342
96.4593
96.4844
96.5095
96.5346
96.5597
96.5848
96.6099
96.635
96.6601
96.6852
96.7103
96.7354
96.7605
96.7856
96.8107
96.8358
96.8609
96.886
96.9111
96.9362
96.9613
96.9864
97.0115
97.0366
97.0617
97.0868
97.1119
97.137
97.1621
97.1872
97.2123
97.2374
97.2625
97.2876
97.3127
97.3378
97.3629
97.388
97.4131
97.4382
97.4633
97.4884
97.5135
97.5386
97.5637
97.5888
97.6139
97.639
97.6641
97.6892
97.7143
97.7394
97.7645
97.7896
97.8147
97.8398
97.8649
97.89
97.9151
97.9402
97.9653
97.9904
98.0155
98.0406
98.0657
98.0908
98.1159
98.141
98.1661
98.1912
98.2163
98.2414
98.2665
98.2916
98.3167
98.3418
98.3669
98.392
98.4171
98.4422
98.4673
98.4924
98.5175
98.5426
98.5677
98.5928
98.6179
98.643
98.6681
98.6932
98.7183
98.7434
98.7685
98.7936
98.8187
98.8438
98.8689
98.894
98.9191
98.9442
98.9693
98.9944
99.0195
99.0446
99.0697
99.0948
99.1199
99.145
99.1701
99.1952
99.2203
99.2454
99.2705
99.2956
99.3207
99.3458
99.3709
99.396
99.4211
99.4462
99.4713
99.4964
99.5215
99.5466
99.5717
99.5968
99.6219
99.647
99.6721
99.6972
99.7223
99.7474
99.7725
99.7976
99.8227
99.8478
99.8729
99.898
99.9231
99.9482
99.9733
99.9984
100.023
100.049
100.074
100.099
100.124
100.149
100.174
100.199
100.224
100.249
100.274
100.3
100.325
100.35
100.375
100.4
100.425
100.45
100.475
100.5
100.525
100.551
100.576
100.601
100.626
100.651
100.676
100.701
100.726
100.751
100.776
100.802
100.827
100.852
100.877
100.902
100.927
100.952
100.977
101.002
101.027
101.053
101.078
101.103
101.128
101.153
101.178
101.203
101.228
101.253
101.278
101.304
101.329
101.354
101.379
101.404
101.429
101.454
101.479
101.504
101.529
101.555
101.58
101.605
101.63
101.655
101.68
101.705
101.73
101.755
101.78
101.806
101.831
101.856
101.881
101.906
101.931
101.956
101.981
102.006
102.031
102.057
102.082
102.107
102.132
102.157
102.182
102.207
102.232
102.257
102.282
102.308
102.333
102.358
102.383
102.408
102.433
102.458
102.483
102.508
102.533
102.559
102.584
102.609
102.634
102.659
102.684
102.709
102.734
102.759
102.784
102.81
102.835
102.86
102.885
102.91
102.935
102.96
102.985
103.01
103.035
103.061
103.086
103.111
103.136
103.161
103.186
103.211
103.236
103.261
103.286
103.312
103.337
103.362
103.387
103.412
103.437
103.462
103.487
103.512
103.537
103.563
103.588
103.613
103.638
103.663
103.688
103.713
103.738
103.763
103.788
103.814
103.839
103.864
103.889
103.914
103.939
103.964
103.989
104.014
104.039
104.065
104.09
104.115
104.14
104.165
104.19
104.215
104.24
104.265
104.29
104.316
104.341
104.366
104.391
104.416
104.441
104.466
104.491
104.516
104.541
104.567
104.592
104.617
104.642
104.667
104.692
104.717
104.742
104.767
104.792
104.818
104.843
104.868
104.893
104.918
104.943
104.968
104.993
105.018
105.043
105.069
105.094
105.119
105.144
105.169
105.194
105.219
105.244
105.269
105.294
105.32
105.345
105.37
105.395
105.42
105.445
105.47
105.495
105.52
105.545
105.571
105.596
105.621
105.646
105.671
105.696
105.721
105.746
105.771
105.796
105.822
105.847
105.872
105.897
105.922
105.947
105.972
105.997
106.022
106.047
106.073
106.098
106.123
106.148
106.173
106.198
106.223
106.248
106.273
106.298
106.324
106.349
106.374
106.399
106.424
106.449
106.474
106.499
106.524
106.549
106.575
106.6
106.625
106.65
106.675
106.7
106.725
106.75
106.775
106.8
106.826
106.851
106.876
106.901
106.926
106.951
106.976
107.001
107.026
107.051
107.077
107.102
107.127
107.152
107.177
107.202
107.227
107.252
107.277
107.302
107.328
107.353
107.378
107.403
107.428
107.453
107.478
107.503
107.528
107.553
107.579
107.604
107.629
107.654
107.679
107.704
107.729
107.754
107.779
107.804
107.83
107.855
107.88
107.905
107.93
107.955
107.98
108.005
108.03
108.055
108.081
108.106
108.131
108.156
108.181
108.206
108.231
108.256
108.281
108.306
108.332
108.357
108.382
108.407
108.432
108.457
108.482
108.507
108.532
108.557
108.583
108.608
108.633
108.658
108.683
108.708
108.733
108.758
108.783
108.808
108.834
108.859
108.884
108.909
108.934
108.959
108.984
109.009
109.034
109.059
109.085
109.11
109.135
109.16
109.185
109.21
109.235
109.26
109.285
109.31
109.336
109.361
109.386
109.411
109.436
109.461
109.486
109.511
109.536
109.561
109.587
109.612
109.637
109.662
109.687
109.712
109.737
109.762
109.787
109.812
109.838
109.863
109.888
109.913
109.938
109.963
109.988
110.013
110.038
110.063
110.089
110.114
110.139
110.164
110.189
110.214
110.239
110.264
110.289
110.314
110.34
110.365
110.39
110.415
110.44
110.465
110.49
110.515
110.54
110.565
110.591
110.616
110.641
110.666
110.691
110.716
110.741
110.766
110.791
110.816
110.842
110.867
110.892
110.917
110.942
110.967
110.992
111.017
111.042
111.067
111.093
111.118
111.143
111.168
111.193
111.218
111.243
111.268
111.293
111.318
111.344
111.369
111.394
111.419
111.444
111.469
111.494
111.519
111.544
111.569
111.595
111.62
111.645
111.67
111.695
111.72
111.745
111.77
111.795
111.82
111.846
111.871
111.896
111.921
111.946
111.971
111.996
112.021
112.046
112.071
112.097
112.122
112.147
112.172
112.197
112.222
112.247
112.272
112.297
112.322
112.348
112.373
112.398
112.423
112.448
112.473
112.498
112.523
112.548
112.573
112.599
112.624
112.649
112.674
112.699
112.724
112.749
112.774
112.799
112.824
112.85
112.875
112.9
112.925
112.95
112.975
113
113.025
113.05
113.075
113.101
113.126
113.151
113.176
113.201
113.226
113.251
113.276
113.301
113.326
113.352
113.377
113.402
113.427
113.452
113.477
113.502
113.527
113.552
113.577
113.603
113.628
113.653
113.678
113.703
113.728
113.753
113.778
113.803
113.828
113.854
113.879
113.904
113.929
113.954
113.979
114.004
114.029
114.054
114.079
114.105
114.13
114.155
114.18
114.205
114.23
114.255
114.28
114.305
114.33
114.356
114.381
114.406
114.431
114.456
114.481
114.506
114.531
114.556
114.581
114.607
114.632
114.657
114.682
114.707
114.732
114.757
114.782
114.807
114.832
114.858
114.883
114.908
114.933
114.958
114.983
115.008
115.033
115.058
115.083
115.109
115.134
115.159
115.184
115.209
115.234
115.259
115.284
115.309
115.334
115.36
115.385
115.41
115.435
115.46
115.485
115.51
115.535
115.56
115.585
115.611
115.636
115.661
115.686
115.711
115.736
115.761
115.786
115.811
115.836
115.862
115.887
115.912
115.937
115.962
115.987
116.012
116.037
116.062
116.087
116.113
116.138
116.163
116.188
116.213
116.238
116.263
116.288
116.313
116.338
116.364
116.389
116.414
116.439
116.464
116.489
116.514
116.539
116.564
116.589
116.615
116.64
116.665
116.69
116.715
116.74
116.765
116.79
116.815
116.84
116.866
116.891
116.916
116.941
116.966
116.991
117.016
117.041
117.066
117.091
117.117
117.142
117.167
117.192
117.217
117.242
117.267
117.292
117.317
117.342
117.368
117.393
117.418
117.443
117.468
117.493
117.518
117.543
117.568
117.593
117.619
117.644
117.669
117.694
117.719
117.744
117.769
117.794
117.819
117.844
117.87
117.895
117.92
117.945
117.97
117.995
118.02
118.045
118.07
118.095
118.121
118.146
118.171
118.196
118.221
118.246
118.271
118.296
118.321
118.346
118.372
118.397
118.422
118.447
118.472
118.497
118.522
118.547
118.572
118.597
118.623
118.648
118.673
118.698
118.723
118.748
118.773
118.798
118.823
118.848
118.874
118.899
118.924
118.949
118.974
118.999
119.024
119.049
119.074
119.099
119.125
119.15
119.175
119.2
119.225
119.25
119.275
119.3
119.325
119.35
119.376
119.401
119.426
119.451
119.476
119.501
119.526
119.551
119.576
119.601
119.627
119.652
119.677
119.702
119.727
119.752
119.777
119.802
119.827
119.852
119.878
119.903
119.928
119.953
119.978
120.003
120.028
120.053
120.078
120.103
120.129
120.154
120.179
120.204
120.229
120.254
120.279
120.304
120.329
120.354
120.38
120.405
120.43
120.455
120.48
120.505
120.53
120.555
120.58
120.605
120.631
120.656
120.681
120.706
120.731
120.756
120.781
120.806
120.831
120.856
120.882
120.907
120.932
120.957
120.982
121.007
121.032
121.057
121.082
121.107
121.133
121.158
121.183
121.208
121.233
121.258
121.283
121.308
121.333
121.358
121.384
121.409
121.434
121.459
121.484
121.509
121.534
121.559
121.584
121.609
121.635
121.66
121.685
121.71
121.735
121.76
121.785
121.81
121.835
121.86
121.886
121.911
121.936
121.961
121.986
122.011
122.036
122.061
122.086
122.111
122.137
122.162
122.187
122.212
122.237
122.262
122.287
122.312
122.337
122.362
122.388
122.413
122.438
122.463
122.488
122.513
122.538
122.563
122.588
122.613
122.639
122.664
122.689
122.714
122.739
122.764
122.789
122.814
122.839
122.864
122.89
122.915
122.94
122.965
122.99
123.015
123.04
123.065
123.09
123.115
123.141
123.166
123.191
123.216
123.241
123.266
123.291
123.316
123.341
123.366
123.392
123.417
123.442
123.467
123.492
123.517
123.542
123.567
123.592
123.617
123.643
123.668
123.693
123.718
123.743
123.768
123.793
123.818
123.843
123.868
123.894
123.919
123.944
123.969
123.994
124.019
124.044
124.069
124.094
124.119
124.145
124.17
124.195
124.22
124.245
124.27
124.295
124.32
124.345
124.37
124.396
124.421
124.446
124.471
124.496
124.521
124.546
124.571
124.596
124.621
124.647
124.672
124.697
124.722
124.747
124.772
124.797
124.822
124.847
124.872
124.898
124.923
124.948
124.973
124.998
125.023
125.048
125.073
125.098
125.123
125.149
125.174
125.199
125.224
125.249
125.274
125.299
125.324
125.349
125.374
125.4
125.425
125.45
125.475
125.5
125.525
125.55
125.575
125.6
125.625
125.651
125.676
125.701
125.726
125.751
125.776
125.801
125.826
125.851
125.876
125.902
125.927
125.952
125.977
126.002
126.027
126.052
126.077
126.102
126.127
126.153
126.178
126.203
126.228
126.253
126.278
126.303
126.328
126.353
126.378
126.404
126.429
126.454
126.479
126.504
126.529
126.554
126.579
126.604
126.629
126.655
126.68
126.705
126.73
126.755
126.78
126.805
126.83
126.855
126.88
126.906
126.931
126.956
126.981
127.006
127.031
127.056
127.081
127.106
127.131
127.157
127.182
127.207
127.232
127.257
127.282
127.307
127.332
127.357
127.382
127.408
127.433
127.458
127.483
127.508
127.533
127.558
127.583
127.608
127.633
127.659
127.684
127.709
127.734
127.759
127.784
127.809
127.834
127.859
127.884
127.91
127.935
127.96
127.985
128.01
128.035
128.06
128.085
128.11
128.135
128.161
128.186
128.211
128.236
128.261
128.286
128.311
128.336
128.361
128.386
128.412
128.437
128.462
128.487
128.512
128.537
128.562
128.587
128.612
128.637
128.663
128.688
128.713
128.738
128.763
128.788
128.813
128.838
128.863
128.888
128.914
128.939
128.964
128.989
129.014
129.039
129.064
129.089
129.114
129.139
129.165
129.19
129.215
129.24
129.265
129.29
129.315
129.34
129.365
129.39
129.416
129.441
129.466
129.491
129.516
129.541
129.566
129.591
129.616
129.641
129.667
129.692
129.717
129.742
129.767
129.792
129.817
129.842
129.867
129.892
129.918
129.943
129.968
129.993
130.018
130.043
130.068
130.093
130.118
130.143
130.169
130.194
130.219
130.244
130.269
130.294
130.319
130.344
130.369
130.394
130.42
130.445
130.47
130.495
130.52
130.545
130.57
130.595
130.62
130.645
130.671
130.696
130.721
130.746
130.771
130.796
130.821
130.846
130.871
130.896
130.922
130.947
130.972
130.997
131.022
131.047
131.072
131.097
131.122
131.147
131.173
131.198
131.223
131.248
131.273
131.298
131.323
131.348
131.373
131.398
131.424
131.449
131.474
131.499
131.524
131.549
131.574
131.599
131.624
131.649
131.675
131.7
131.725
131.75
131.775
131.8
131.825
131.85
131.875
131.9
131.926
131.951
131.976
132.001
132.026
132.051
132.076
132.101
132.126
132.151
132.177
132.202
132.227
132.252
132.277
132.302
132.327
132.352
132.377
132.402
132.428
132.453
132.478
132.503
132.528
132.553
132.578
132.603
132.628
132.653
132.679
132.704
132.729
132.754
132.779
132.804
132.829
132.854
132.879
132.904
132.93
132.955
132.98
133.005
133.03
133.055
133.08
133.105
133.13
133.155
133.181
133.206
133.231
133.256
133.281
133.306
133.331
133.356
133.381
133.406
133.432
133.457
133.482
133.507
133.532
133.557
133.582
133.607
133.632
133.657
133.683
133.708
133.733
133.758
133.783
133.808
133.833
133.858
133.883
133.908
133.934
133.959
133.984
134.009
134.034
134.059
134.084
134.109
134.134
134.159
134.185
134.21
134.235
134.26
134.285
134.31
134.335
134.36
134.385
134.41
134.436
134.461
134.486
134.511
134.536
134.561
134.586
134.611
134.636
134.661
134.687
134.712
134.737
134.762
134.787
134.812
134.837
134.862
134.887
134.912
134.938
134.963
134.988
135.013
135.038
135.063
135.088
135.113
135.138
135.163
135.189
135.214
135.239
135.264
135.289
135.314
135.339
135.364
135.389
135.414
135.44
135.465
135.49
135.515
135.54
135.565
135.59
135.615
135.64
135.665
135.691
135.716
135.741
135.766
135.791
135.816
135.841
135.866
135.891
135.916
135.942
135.967
135.992
136.017
136.042
136.067
136.092
136.117
136.142
136.167
136.193
136.218
136.243
136.268
136.293
136.318
136.343
136.368
136.393
136.418
136.444
136.469
136.494
136.519
136.544
136.569
136.594
136.619
136.644
136.669
136.695
136.72
136.745
136.77
136.795
136.82
136.845
136.87
136.895
136.92
136.946
136.971
136.996
137.021
137.046
137.071
137.096
137.121
137.146
137.171
137.197
137.222
137.247
137.272
137.297
137.322
137.347
137.372
137.397
137.422
137.448
137.473
137.498
137.523
137.548
137.573
137.598
137.623
137.648
137.673
137.699
137.724
137.749
137.774
137.799
137.824
137.849
137.874
137.899
137.924
137.95
137.975
138
138.025
138.05
138.075
138.1
138.125
138.15
138.175
138.201
138.226
138.251
138.276
138.301
138.326
138.351
138.376
138.401
138.426
138.452
138.477
138.502
138.527
138.552
138.577
138.602
138.627
138.652
138.677
138.703
138.728
138.753
138.778
138.803
138.828
138.853
138.878
138.903
138.928
138.954
138.979
139.004
139.029
139.054
139.079
139.104
139.129
139.154
139.179
139.205
139.23
139.255
139.28
139.305
139.33
139.355
139.38
139.405
139.43
139.456
139.481
139.506
139.531
139.556
139.581
139.606
139.631
139.656
139.681
139.707
139.732
139.757
139.782
139.807
139.832
139.857
139.882
139.907
139.932
139.958
139.983
140.008
140.033
140.058
140.083
140.108
140.133
140.158
140.183
140.209
140.234
140.259
140.284
140.309
140.334
140.359
140.384
140.409
140.434
140.46
140.485
140.51
140.535
140.56
140.585
140.61
140.635
140.66
140.685
140.711
140.736
140.761
140.786
140.811
140.836
140.861
140.886
140.911
140.936
140.962
140.987
141.012
141.037
141.062
141.087
141.112
141.137
141.162
141.187
141.213
141.238
141.263
141.288
141.313
141.338
141.363
141.388
141.413
141.438
141.464
141.489
141.514
141.539
141.564
141.589
141.614
141.639
141.664
141.689
141.715
141.74
141.765
141.79
141.815
141.84
141.865
141.89
141.915
141.94
141.966
141.991
142.016
142.041
142.066
142.091
142.116
142.141
142.166
142.191
142.217
142.242
142.267
142.292
142.317
142.342
142.367
142.392
142.417
142.442
142.468
142.493
142.518
142.543
142.568
142.593
142.618
142.643
142.668
142.693
142.719
142.744
142.769
142.794
142.819
142.844
142.869
142.894
142.919
142.944
142.97
142.995
143.02
143.045
143.07
143.095
143.12
143.145
143.17
143.195
143.221
143.246
143.271
143.296
143.321
143.346
143.371
143.396
143.421
143.446
143.472
143.497
143.522
143.547
143.572
143.597
143.622
143.647
143.672
143.697
143.723
143.748
143.773
143.798
143.823
143.848
143.873
143.898
143.923
143.948
143.974
143.999
144.024
144.049
144.074
144.099
144.124
144.149
144.174
144.199
144.225
144.25
144.275
144.3
144.325
144.35
144.375
144.4
144.425
144.45
144.476
144.501
144.526
144.551
144.576
144.601
144.626
144.651
144.676
144.701
144.727
144.752
144.777
144.802
144.827
144.852
144.877
144.902
144.927
144.952
144.978
145.003
145.028
145.053
145.078
145.103
145.128
145.153
145.178
145.203
145.229
145.254
145.279
145.304
145.329
145.354
145.379
145.404
145.429
145.454
145.48
145.505
145.53
145.555
145.58
145.605
145.63
145.655
145.68
145.705
145.731
145.756
145.781
145.806
145.831
145.856
145.881
145.906
145.931
145.956
145.982
146.007
146.032
146.057
146.082
146.107
146.132
146.157
146.182
146.207
146.233
146.258
146.283
146.308
146.333
146.358
146.383
146.408
146.433
146.458
146.484
146.509
146.534
146.559
146.584
146.609
146.634
146.659
146.684
146.709
146.735
146.76
146.785
146.81
146.835
146.86
146.885
146.91
146.935
146.96
146.986
147.011
147.036
147.061
147.086
147.111
147.136
147.161
147.186
147.211
147.237
147.262
147.287
147.312
147.337
147.362
147.387
147.412
147.437
147.462
147.488
147.513
147.538
147.563
147.588
147.613
147.638
147.663
147.688
147.713
147.739
147.764
147.789
147.814
147.839
147.864
147.889
147.914
147.939
147.964
147.99
148.015
148.04
148.065
148.09
148.115
148.14
148.165
148.19
148.215
148.241
148.266
148.291
148.316
148.341
148.366
148.391
148.416
148.441
148.466
148.492
148.517
148.542
148.567
148.592
148.617
148.642
148.667
148.692
148.717
148.743
148.768
148.793
148.818
148.843
148.868
148.893
148.918
148.943
148.968
148.994
149.019
149.044
149.069
149.094
149.119
149.144
149.169
149.194
149.219
149.245
149.27
149.295
149.32
149.345
149.37
149.395
149.42
149.445
149.47
149.496
149.521
149.546
149.571
149.596
149.621
149.646
149.671
149.696
149.721
149.747
149.772
149.797
149.822
149.847
149.872
149.897
149.922
149.947
149.972
149.998
150.023
150.048
150.073
150.098
150.123
150.148
150.173
150.198
150.223
150.249
150.274
150.299
150.324
150.349
150.374
150.399
150.424
150.449
150.474
150.5
150.525
150.55
150.575
150.6
150.625
150.65
150.675
150.7
150.725
150.751
150.776
150.801
150.826
150.851
150.876
150.901
150.926
150.951
150.976
151.002
151.027
151.052
151.077
151.102
151.127
151.152
151.177
151.202
151.227
151.253
151.278
151.303
151.328
151.353
151.378
151.403
151.428
151.453
151.478
151.504
151.529
151.554
151.579
151.604
151.629
151.654
151.679
151.704
151.729
151.755
151.78
151.805
151.83
151.855
151.88
151.905
151.93
151.955
151.98
152.006
152.031
152.056
152.081
152.106
152.131
152.156
152.181
152.206
152.231
152.257
152.282
152.307
152.332
152.357
152.382
152.407
152.432
152.457
152.482
152.508
152.533
152.558
152.583
152.608
152.633
152.658
152.683
152.708
152.733
152.759
152.784
152.809
152.834
152.859
152.884
152.909
152.934
152.959
152.984
153.01
153.035
153.06
153.085
153.11
153.135
153.16
153.185
153.21
153.235
153.261
153.286
153.311
153.336
153.361
153.386
153.411
153.436
153.461
153.486
153.512
153.537
153.562
153.587
153.612
153.637
153.662
153.687
153.712
153.737
153.763
153.788
153.813
153.838
153.863
153.888
153.913
153.938
153.963
153.988
154.014
154.039
154.064
154.089
154.114
154.139
154.164
154.189
154.214
154.239
154.265
154.29
154.315
154.34
154.365
154.39
154.415
154.44
154.465
154.49
154.516
154.541
154.566
154.591
154.616
154.641
154.666
154.691
154.716
154.741
154.767
154.792
154.817
154.842
154.867
154.892
154.917
154.942
154.967
154.992
155.018
155.043
155.068
155.093
155.118
155.143
155.168
155.193
155.218
155.243
155.269
155.294
155.319
155.344
155.369
155.394
155.419
155.444
155.469
155.494
155.52
155.545
155.57
155.595
155.62
155.645
155.67
155.695
155.72
155.745
155.771
155.796
155.821
155.846
155.871
155.896
155.921
155.946
155.971
155.996
156.022
156.047
156.072
156.097
156.122
156.147
156.172
156.197
156.222
156.247
156.273
156.298
156.323
156.348
156.373
156.398
156.423
156.448
156.473
156.498
156.524
156.549
156.574
156.599
156.624
156.649
156.674
156.699
156.724
156.749
156.775
156.8
156.825
156.85
156.875
156.9
156.925
156.95
156.975
157
157.026
157.051
157.076
157.101
157.126
157.151
157.176
157.201
157.226
157.251
157.277
157.302
157.327
157.352
157.377
157.402
157.427
157.452
157.477
157.502
157.528
157.553
157.578
157.603
157.628
157.653
157.678
157.703
157.728
157.753
157.779
157.804
157.829
157.854
157.879
157.904
157.929
157.954
157.979
158.004
158.03
158.055
158.08
158.105
158.13
158.155
158.18
158.205
158.23
158.255
158.281
158.306
158.331
158.356
158.381
158.406
158.431
158.456
158.481
158.506
158.532
158.557
158.582
158.607
158.632
158.657
158.682
158.707
158.732
158.757
158.783
158.808
158.833
158.858
158.883
158.908
158.933
158.958
158.983
159.008
159.034
159.059
159.084
159.109
159.134
159.159
159.184
159.209
159.234
159.259
159.285
159.31
159.335
159.36
159.385
159.41
159.435
159.46
159.485
159.51
159.536
159.561
159.586
159.611
159.636
159.661
159.686
159.711
159.736
159.761
159.787
159.812
159.837
159.862
159.887
159.912
159.937
159.962
159.987
160.012
160.038
160.063
160.088
160.113
160.138
160.163
160.188
160.213
160.238
160.263
160.289
160.314
160.339
160.364
160.389
160.414
160.439
160.464
160.489
160.514
160.54
160.565
160.59
160.615
160.64
160.665
160.69
160.715
160.74
160.765
160.791
160.816
160.841
160.866
160.891
160.916
160.941
160.966
160.991
161.017
161.042
161.067
161.092
161.117
161.142
161.167
161.192
161.217
161.242
161.268
161.293
161.318
161.343
161.368
161.393
161.418
161.443
161.468
161.493
161.519
161.544
161.569
161.594
161.619
161.644
161.669
161.694
161.719
161.744
161.77
161.795
161.82
161.845
161.87
161.895
161.92
161.945
161.97
161.995
162.021
162.046
162.071
162.096
162.121
162.146
162.171
162.196
162.221
162.246
162.272
162.297
162.322
162.347
162.372
162.397
162.422
162.447
162.472
162.497
162.523
162.548
162.573
162.598
162.623
162.648
162.673
162.698
162.723
162.748
162.774
162.799
162.824
162.849
162.874
162.899
162.924
162.949
162.974
162.999
163.025
163.05
163.075
163.1
163.125
163.15
163.175
163.2
163.225
163.25
163.276
163.301
163.326
163.351
163.376
163.401
163.426
163.451
163.476
163.501
163.527
163.552
163.577
163.602
163.627
163.652
163.677
163.702
163.727
163.752
163.778
163.803
163.828
163.853
163.878
163.903
163.928
163.953
163.978
164.003
164.029
164.054
164.079
164.104
164.129
164.154
164.179
164.204
164.229
164.254
164.28
164.305
164.33
164.355
164.38
164.405
164.43
164.455
164.48
164.505
164.531
164.556
164.581
164.606
164.631
164.656
164.681
164.706
164.731
164.756
164.782
164.807
164.832
164.857
164.882
164.907
164.932
164.957
164.982
165.007
165.033
165.058
165.083
165.108
165.133
165.158
165.183
165.208
165.233
165.258
165.284
165.309
165.334
165.359
165.384
165.409
165.434
165.459
165.484
165.509
165.535
165.56
165.585
165.61
165.635
165.66
165.685
165.71
165.735
165.76
165.786
165.811
165.836
165.861
165.886
165.911
165.936
165.961
165.986
166.011
166.037
166.062
166.087
166.112
166.137
166.162
166.187
166.212
166.237
166.262
166.288
166.313
166.338
166.363
166.388
166.413
166.438
166.463
166.488
166.513
166.539
166.564
166.589
166.614
166.639
166.664
166.689
166.714
166.739
166.764
166.79
166.815
166.84
166.865
166.89
166.915
166.94
166.965
166.99
167.015
167.041
167.066
167.091
167.116
167.141
167.166
167.191
167.216
167.241
167.266
167.292
167.317
167.342
167.367
167.392
167.417
167.442
167.467
167.492
167.517
167.543
167.568
167.593
167.618
167.643
167.668
167.693
167.718
167.743
167.768
167.794
167.819
167.844
167.869
167.894
167.919
167.944
167.969
167.994
168.019
168.045
168.07
168.095
168.12
168.145
168.17
168.195
168.22
168.245
168.27
168.296
168.321
168.346
168.371
168.396
168.421
168.446
168.471
168.496
168.521
168.547
168.572
168.597
168.622
168.647
168.672
168.697
168.722
168.747
168.772
168.798
168.823
168.848
168.873
168.898
168.923
168.948
168.973
168.998
169.023
169.049
169.074
169.099
169.124
169.149
169.174
169.199
169.224
169.249
169.274
169.3
169.325
169.35
169.375
169.4
169.425
169.45
169.475
169.5
169.525
169.551
169.576
169.601
169.626
169.651
169.676
169.701
169.726
169.751
169.776
169.802
169.827
169.852
169.877
169.902
169.927
169.952
169.977
170.002
170.027
170.053
170.078
170.103
170.128
170.153
170.178
170.203
170.228
170.253
170.278
170.304
170.329
170.354
170.379
170.404
170.429
170.454
170.479
170.504
170.529
170.555
170.58
170.605
170.63
170.655
170.68
170.705
170.73
170.755
170.78
170.806
170.831
170.856
170.881
170.906
170.931
170.956
170.981
171.006
171.031
171.057
171.082
171.107
171.132
171.157
171.182
171.207
171.232
171.257
171.282
171.308
171.333
171.358
171.383
171.408
171.433
171.458
171.483
171.508
171.533
171.559
171.584
171.609
171.634
171.659
171.684
171.709
171.734
171.759
171.784
171.81
171.835
171.86
171.885
171.91
171.935
171.96
171.985
172.01
172.035
172.061
172.086
172.111
172.136
172.161
172.186
172.211
172.236
172.261
172.286
172.312
172.337
172.362
172.387
172.412
172.437
172.462
172.487
172.512
172.537
172.563
172.588
172.613
172.638
172.663
172.688
172.713
172.738
172.763
172.788
172.814
172.839
172.864
172.889
172.914
172.939
172.964
172.989
173.014
173.039
173.065
173.09
173.115
173.14
173.165
173.19
173.215
173.24
173.265
173.29
173.316
173.341
173.366
173.391
173.416
173.441
173.466
173.491
173.516
173.541
173.567
173.592
173.617
173.642
173.667
173.692
173.717
173.742
173.767
173.792
173.818
173.843
173.868
173.893
173.918
173.943
173.968
173.993
174.018
174.043
174.069
174.094
174.119
174.144
174.169
174.194
174.219
174.244
174.269
174.294
174.32
174.345
174.37
174.395
174.42
174.445
174.47
174.495
174.52
174.545
174.571
174.596
174.621
174.646
174.671
174.696
174.721
174.746
174.771
174.796
174.822
174.847
174.872
174.897
174.922
174.947
174.972
174.997
175.022
175.047
175.073
175.098
175.123
175.148
175.173
175.198
175.223
175.248
175.273
175.298
175.324
175.349
175.374
175.399
175.424
175.449
175.474
175.499
175.524
175.549
175.575
175.6
175.625
175.65
175.675
175.7
175.725
175.75
175.775
175.8
175.826
175.851
175.876
175.901
175.926
175.951
175.976
176.001
176.026
176.051
176.077
176.102
176.127
176.152
176.177
176.202
176.227
176.252
176.277
176.302
176.328
176.353
176.378
176.403
176.428
176.453
176.478
176.503
176.528
176.553
176.579
176.604
176.629
176.654
176.679
176.704
176.729
176.754
176.779
176.804
176.83
176.855
176.88
176.905
176.93
176.955
176.98
177.005
177.03
177.055
177.081
177.106
177.131
177.156
177.181
177.206
177.231
177.256
177.281
177.306
177.332
177.357
177.382
177.407
177.432
177.457
177.482
177.507
177.532
177.557
177.583
177.608
177.633
177.658
177.683
177.708
177.733
177.758
177.783
177.808
177.834
177.859
177.884
177.909
177.934
177.959
177.984
178.009
178.034
178.059
178.085
178.11
178.135
178.16
178.185
178.21
178.235
178.26
178.285
178.31
178.336
178.361
178.386
178.411
178.436
178.461
178.486
178.511
178.536
178.561
178.587
178.612
178.637
178.662
178.687
178.712
178.737
178.762
178.787
178.812
178.838
178.863
178.888
178.913
178.938
178.963
178.988
179.013
179.038
179.063
179.089
179.114
179.139
179.164
179.189
179.214
179.239
179.264
179.289
179.314
179.34
179.365
179.39
179.415
179.44
179.465
179.49
179.515
179.54
179.565
179.591
179.616
179.641
179.666
179.691
179.716
179.741
179.766
179.791
179.816
179.842
179.867
179.892
179.917
179.942
179.967
179.992
180.017
180.042
180.067
180.093
180.118
180.143
180.168
180.193
180.218
180.243
180.268
180.293
180.318
180.344
180.369
180.394
180.419
180.444
180.469
180.494
180.519
180.544
180.569
180.595
180.62
180.645
180.67
180.695
180.72
180.745
180.77
180.795
180.82
180.846
180.871
180.896
180.921
180.946
180.971
180.996
181.021
181.046
181.071
181.097
181.122
181.147
181.172
181.197
181.222
181.247
181.272
181.297
181.322
181.348
181.373
181.398
181.423
181.448
181.473
181.498
181.523
181.548
181.573
181.599
181.624
181.649
181.674
181.699
181.724
181.749
181.774
181.799
181.824
181.85
181.875
181.9
181.925
181.95
181.975
182
182.025
182.05
182.075
182.101
182.126
182.151
182.176
182.201
182.226
182.251
182.276
182.301
182.326
182.352
182.377
182.402
182.427
182.452
182.477
182.502
182.527
182.552
182.577
182.603
182.628
182.653
182.678
182.703
182.728
182.753
182.778
182.803
182.828
182.854
182.879
182.904
182.929
182.954
182.979
183.004
183.029
183.054
183.079
183.105
183.13
183.155
183.18
183.205
183.23
183.255
183.28
183.305
183.33
183.356
183.381
183.406
183.431
183.456
183.481
183.506
183.531
183.556
183.581
183.607
183.632
183.657
183.682
183.707
183.732
183.757
183.782
183.807
183.832
183.858
183.883
183.908
183.933
183.958
183.983
184.008
184.033
184.058
184.083
184.109
184.134
184.159
184.184
184.209
184.234
184.259
184.284
184.309
184.334
184.36
184.385
184.41
184.435
184.46
184.485
184.51
184.535
184.56
184.585
184.611
184.636
184.661
184.686
184.711
184.736
184.761
184.786
184.811
184.836
184.862
184.887
184.912
184.937
184.962
184.987
185.012
185.037
185.062
185.087
185.113
185.138
185.163
185.188
185.213
185.238
185.263
185.288
185.313
185.338
185.364
185.389
185.414
185.439
185.464
185.489
185.514
185.539
185.564
185.589
185.615
185.64
185.665
185.69
185.715
185.74
185.765
185.79
185.815
185.84
185.866
185.891
185.916
185.941
185.966
185.991
186.016
186.041
186.066
186.091
186.117
186.142
186.167
186.192
186.217
186.242
186.267
186.292
186.317
186.342
186.368
186.393
186.418
186.443
186.468
186.493
186.518
186.543
186.568
186.593
186.619
186.644
186.669
186.694
186.719
186.744
186.769
186.794
186.819
186.844
186.87
186.895
186.92
186.945
186.97
186.995
187.02
187.045
187.07
187.095
187.121
187.146
187.171
187.196
187.221
187.246
187.271
187.296
187.321
187.346
187.372
187.397
187.422
187.447
187.472
187.497
187.522
187.547
187.572
187.597
187.623
187.648
187.673
187.698
187.723
187.748
187.773
187.798
187.823
187.848
187.874
187.899
187.924
187.949
187.974
187.999
188.024
188.049
188.074
188.099
188.125
188.15
188.175
188.2
188.225
188.25
188.275
188.3
188.325
188.35
188.376
188.401
188.426
188.451
188.476
188.501
188.526
188.551
188.576
188.601
188.627
188.652
188.677
188.702
188.727
188.752
188.777
188.802
188.827
188.852
188.878
188.903
188.928
188.953
188.978
189.003
189.028
189.053
189.078
189.103
189.129
189.154
189.179
189.204
189.229
189.254
189.279
189.304
189.329
189.354
189.38
189.405
189.43
189.455
189.48
189.505
189.53
189.555
189.58
189.605
189.631
189.656
189.681
189.706
189.731
189.756
189.781
189.806
189.831
189.856
189.882
189.907
189.932
189.957
189.982
190.007
190.032
190.057
190.082
190.107
190.133
190.158
190.183
190.208
190.233
190.258
190.283
190.308
190.333
190.358
190.384
190.409
190.434
190.459
190.484
190.509
190.534
190.559
190.584
190.609
190.635
190.66
190.685
190.71
190.735
190.76
190.785
190.81
190.835
190.86
190.886
190.911
190.936
190.961
190.986
191.011
191.036
191.061
191.086
191.111
191.137
191.162
191.187
191.212
191.237
191.262
191.287
191.312
191.337
191.362
191.388
191.413
191.438
191.463
191.488
191.513
191.538
191.563
191.588
191.613
191.639
191.664
191.689
191.714
191.739
191.764
191.789
191.814
191.839
191.864
191.89
191.915
191.94
191.965
191.99
192.015
192.04
192.065
192.09
192.115
192.141
192.166
192.191
192.216
192.241
192.266
192.291
192.316
192.341
192.366
192.392
192.417
192.442
192.467
192.492
192.517
192.542
192.567
192.592
192.617
192.643
192.668
192.693
192.718
192.743
192.768
192.793
192.818
192.843
192.868
192.894
192.919
192.944
192.969
192.994
193.019
193.044
193.069
193.094
193.119
193.145
193.17
193.195
193.22
193.245
193.27
193.295
193.32
193.345
193.37
193.396
193.421
193.446
193.471
193.496
193.521
193.546
193.571
193.596
193.621
193.647
193.672
193.697
193.722
193.747
193.772
193.797
193.822
193.847
193.872
193.898
193.923
193.948
193.973
193.998
194.023
194.048
194.073
194.098
194.123
194.149
194.174
194.199
194.224
194.249
194.274
194.299
194.324
194.349
194.374
194.4
194.425
194.45
194.475
194.5
194.525
194.55
194.575
194.6
194.625
194.651
194.676
194.701
194.726
194.751
194.776
194.801
194.826
194.851
194.876
194.902
194.927
194.952
194.977
195.002
195.027
195.052
195.077
195.102
195.127
195.153
195.178
195.203
195.228
195.253
195.278
195.303
195.328
195.353
195.378
195.404
195.429
195.454
195.479
195.504
195.529
195.554
195.579
195.604
195.629
195.655
195.68
195.705
195.73
195.755
195.78
195.805
195.83
195.855
195.88
195.906
195.931
195.956
195.981
196.006
196.031
196.056
196.081
196.106
196.131
196.157
196.182
196.207
196.232
196.257
196.282
196.307
196.332
196.357
196.382
196.408
196.433
196.458
196.483
196.508
196.533
196.558
196.583
196.608
196.633
196.659
196.684
196.709
196.734
196.759
196.784
196.809
196.834
196.859
196.884
196.91
196.935
196.96
196.985
197.01
197.035
197.06
197.085
197.11
197.135
197.161
197.186
197.211
197.236
197.261
197.286
197.311
197.336
197.361
197.386
197.412
197.437
197.462
197.487
197.512
197.537
197.562
197.587
197.612
197.637
197.663
197.688
197.713
197.738
197.763
197.788
197.813
197.838
197.863
197.888
197.914
197.939
197.964
197.989
198.014
198.039
198.064
198.089
198.114
198.139
198.165
198.19
198.215
198.24
198.265
198.29
198.315
198.34
198.365
198.39
198.416
198.441
198.466
198.491
198.516
198.541
198.566
198.591
198.616
198.641
198.667
198.692
198.717
198.742
198.767
198.792
198.817
198.842
198.867
198.892
198.918
198.943
198.968
198.993
199.018
199.043
199.068
199.093
199.118
199.143
199.169
199.194
199.219
199.244
199.269
199.294
199.319
199.344
199.369
199.394
199.42
199.445
199.47
199.495
199.52
199.545
199.57
199.595
199.62
199.645
199.671
199.696
199.721
199.746
199.771
199.796
199.821
199.846
199.871
199.896
199.922
199.947
199.972
199.997
200.022
200.047
200.072
200.097
200.122
200.147
200.173
200.198
200.223
200.248
200.273
200.298
200.323
200.348
200.373
200.398
200.424
200.449
200.474
200.499
200.524
200.549
200.574
200.599
200.624
200.649
200.675
200.7
200.725
200.75
200.775
200.8
200.825
200.85
200.875
200.9
200.926
200.951
200.976
201.001
201.026
201.051
201.076
201.101
201.126
201.151
201.177
201.202
201.227
201.252
201.277
201.302
201.327
201.352
201.377
201.402
201.428
201.453
201.478
201.503
201.528
201.553
201.578
201.603
201.628
201.653
201.679
201.704
201.729
201.754
201.779
201.804
201.829
201.854
201.879
201.904
201.93
201.955
201.98
202.005
202.03
202.055
202.08
202.105
202.13
202.155
202.181
202.206
202.231
202.256
202.281
202.306
202.331
202.356
202.381
202.406
202.432
202.457
202.482
202.507
202.532
202.557
202.582
202.607
202.632
202.657
202.683
202.708
202.733
202.758
202.783
202.808
202.833
202.858
202.883
202.908
202.934
202.959
202.984
203.009
203.034
203.059
203.084
203.109
203.134
203.159
203.185
203.21
203.235
203.26
203.285
203.31
203.335
203.36
203.385
203.41
203.436
203.461
203.486
203.511
203.536
203.561
203.586
203.611
203.636
203.661
203.687
203.712
203.737
203.762
203.787
203.812
203.837
203.862
203.887
203.912
203.938
203.963
203.988
204.013
204.038
204.063
204.088
204.113
204.138
204.163
204.189
204.214
204.239
204.264
204.289
204.314
204.339
204.364
204.389
204.414
204.44
204.465
204.49
204.515
204.54
204.565
204.59
204.615
204.64
204.665
204.691
204.716
204.741
204.766
204.791
204.816
204.841
204.866
204.891
204.916
204.942
204.967
204.992
205.017
205.042
205.067
205.092
205.117
205.142
205.167
205.193
205.218
205.243
205.268
205.293
205.318
205.343
205.368
205.393
205.418
205.444
205.469
205.494
205.519
205.544
205.569
205.594
205.619
205.644
205.669
205.695
205.72
205.745
205.77
205.795
205.82
205.845
205.87
205.895
205.92
205.946
205.971
205.996
206.021
206.046
206.071
206.096
206.121
206.146
206.171
206.197
206.222
206.247
206.272
206.297
206.322
206.347
206.372
206.397
206.422
206.448
206.473
206.498
206.523
206.548
206.573
206.598
206.623
206.648
206.673
206.699
206.724
206.749
206.774
206.799
206.824
206.849
206.874
206.899
206.924
206.95
206.975
207
207.025
207.05
207.075
207.1
207.125
207.15
207.175
207.201
207.226
207.251
207.276
207.301
207.326
207.351
207.376
207.401
207.426
207.452
207.477
207.502
207.527
207.552
207.577
207.602
207.627
207.652
207.677
207.703
207.728
207.753
207.778
207.803
207.828
207.853
207.878
207.903
207.928
207.954
207.979
208.004
208.029
208.054
208.079
208.104
208.129
208.154
208.179
208.205
208.23
208.255
208.28
208.305
208.33
208.355
208.38
208.405
208.43
208.456
208.481
208.506
208.531
208.556
208.581
208.606
208.631
208.656
208.681
208.707
208.732
208.757
208.782
208.807
208.832
208.857
208.882
208.907
208.932
208.958
208.983
209.008
209.033
209.058
209.083
209.108
209.133
209.158
209.183
209.209
209.234
209.259
209.284
209.309
209.334
209.359
209.384
209.409
209.434
209.46
209.485
209.51
209.535
209.56
209.585
209.61
209.635
209.66
209.685
209.711
209.736
209.761
209.786
209.811
209.836
209.861
209.886
209.911
209.936
209.962
209.987
210.012
210.037
210.062
210.087
210.112
210.137
210.162
210.187
210.213
210.238
210.263
210.288
210.313
210.338
210.363
210.388
210.413
210.438
210.464
210.489
210.514
210.539
210.564
210.589
210.614
210.639
210.664
210.689
210.715
210.74
210.765
210.79
210.815
210.84
210.865
210.89
210.915
210.94
210.966
210.991
211.016
211.041
211.066
211.091
211.116
211.141
211.166
211.191
211.217
211.242
211.267
211.292
211.317
211.342
211.367
211.392
211.417
211.442
211.468
211.493
211.518
211.543
211.568
211.593
211.618
211.643
211.668
211.693
211.719
211.744
211.769
211.794
211.819
211.844
211.869
211.894
211.919
211.944
211.97
211.995
212.02
212.045
212.07
212.095
212.12
212.145
212.17
212.195
212.221
212.246
212.271
212.296
212.321
212.346
212.371
212.396
212.421
212.446
212.472
212.497
212.522
212.547
212.572
212.597
212.622
212.647
212.672
212.697
212.723
212.748
212.773
212.798
212.823
212.848
212.873
212.898
212.923
212.948
212.974
212.999
213.024
213.049
213.074
213.099
213.124
213.149
213.174
213.199
213.225
213.25
213.275
213.3
213.325
213.35
213.375
213.4
213.425
213.45
213.476
213.501
213.526
213.551
213.576
213.601
213.626
213.651
213.676
213.701
213.727
213.752
213.777
213.802
213.827
213.852
213.877
213.902
213.927
213.952
213.978
214.003
214.028
214.053
214.078
214.103
214.128
214.153
214.178
214.203
214.229
214.254
214.279
214.304
214.329
214.354
214.379
214.404
214.429
214.454
214.48
214.505
214.53
214.555
214.58
214.605
214.63
214.655
214.68
214.705
214.731
214.756
214.781
214.806
214.831
214.856
214.881
214.906
214.931
214.956
214.982
215.007
215.032
215.057
215.082
215.107
215.132
215.157
215.182
215.207
215.233
215.258
215.283
215.308
215.333
215.358
215.383
215.408
215.433
215.458
215.484
215.509
215.534
215.559
215.584
215.609
215.634
215.659
215.684
215.709
215.735
215.76
215.785
215.81
215.835
215.86
215.885
215.91
215.935
215.96
215.986
216.011
216.036
216.061
216.086
216.111
216.136
216.161
216.186
216.211
216.237
216.262
216.287
216.312
216.337
216.362
216.387
216.412
216.437
216.462
216.488
216.513
216.538
216.563
216.588
216.613
216.638
216.663
216.688
216.713
216.739
216.764
216.789
216.814
216.839
216.864
216.889
216.914
216.939
216.964
216.99
217.015
217.04
217.065
217.09
217.115
217.14
217.165
217.19
217.215
217.241
217.266
217.291
217.316
217.341
217.366
217.391
217.416
217.441
217.466
217.492
217.517
217.542
217.567
217.592
217.617
217.642
217.667
217.692
217.717
217.743
217.768
217.793
217.818
217.843
217.868
217.893
217.918
217.943
217.968
217.994
218.019
218.044
218.069
218.094
218.119
218.144
218.169
218.194
218.219
218.245
218.27
218.295
218.32
218.345
218.37
218.395
218.42
218.445
218.47
218.496
218.521
218.546
218.571
218.596
218.621
218.646
218.671
218.696
218.721
218.747
218.772
218.797
218.822
218.847
218.872
218.897
218.922
218.947
218.972
218.998
219.023
219.048
219.073
219.098
219.123
219.148
219.173
219.198
219.223
219.249
219.274
219.299
219.324
219.349
219.374
219.399
219.424
219.449
219.474
219.5
219.525
219.55
219.575
219.6
219.625
219.65
219.675
219.7
219.725
219.751
219.776
219.801
219.826
219.851
219.876
219.901
219.926
219.951
219.976
220.002
220.027
220.052
220.077
220.102
220.127
220.152
