80
79.9819
79.9728
79.9637
79.9547
79.9457
79.9367
79.9276
79.9186
79.9096
79.9007
79.8917
79.8827
79.8738
79.8648
79.8559
79.8469
79.838
79.8291
79.8202
79.8113
79.8025
79.7936
79.7847
79.7759
79.7671
79.7582
79.7494
79.7406
79.7318
79.7231
79.7143
79.7056
79.6968
79.6881
79.6794
79.6707
79.662
79.6533
79.6446
79.6359
79.6273
79.6187
79.61
79.6014
79.5928
79.5843
79.5757
79.5671
79.5586
79.55
79.5415
79.533
79.5245
79.516
79.5076
79.4991
79.4907
79.4823
79.4738
79.4654
79.4571
79.4487
79.4403
79.432
79.4236
79.4153
79.407
79.3987
79.3905
79.3822
79.3739
79.3657
79.3575
79.3493
79.3411
79.3329
79.3248
79.3166
79.3085
79.3004
79.2923
79.2842
79.2761
79.268
79.26
79.2519
79.2439
79.2359
79.2279
79.22
79.212
79.2041
79.1961
79.1882
79.1803
79.1725
79.1646
79.1567
79.1489
79.1411
79.1333
79.1255
79.1177
79.1099
79.1022
79.0945
79.0868
79.0791
79.0714
79.0637
79.0561
79.0484
79.0408
79.0332
79.0256
79.018
79.0105
79.0029
78.9954
78.9879
78.9804
78.9729
78.9654
78.958
78.9506
78.9431
78.9357
78.9284
78.921
78.9136
78.9063
78.899
78.8917
78.8844
78.8771
78.8698
78.8626
78.8553
78.8481
78.8409
78.8338
78.8266
78.8194
78.8123
78.8052
78.7981
78.791
78.7839
78.7769
78.7698
78.7628
78.7558
78.7488
78.7418
78.7348
78.7279
78.721
78.7141
78.7072
78.7003
78.6934
78.6866
78.6797
78.6729
78.6661
78.6593
78.6525
78.6458
78.639
78.6323
78.6256
78.6189
78.6122
78.6055
78.5989
78.5923
78.5856
78.579
78.5725
78.5659
78.5593
78.5528
78.5463
78.5397
78.5333
78.5268
78.5203
78.5139
78.5074
78.501
78.4946
78.4882
78.4818
78.4755
78.4691
78.4628
78.4565
78.4502
78.4439
78.4377
78.4314
78.4252
78.419
78.4128
78.4066
78.4004
78.3942
78.3881
78.3819
78.3758
78.3697
78.3636
78.3576
78.3515
78.3455
78.3394
78.3334
78.3274
78.3215
78.3155
78.3095
78.3036
78.2977
78.2918
78.2859
78.28
78.2741
78.2683
78.2624
78.2566
78.2508
78.245
78.2392
78.2335
78.2277
78.222
78.2162
78.2105
78.2048
78.1992
78.1935
78.1878
78.1822
78.1766
78.171
78.1654
78.1598
78.1542
78.1487
78.1431
78.1376
78.1321
78.1266
78.1211
78.1156
78.1102
78.1047
78.0993
78.0939
78.0885
78.0831
78.0777
78.0723
78.067
78.0617
78.0563
78.051
78.0457
78.0405
78.0352
78.0299
78.0247
78.0195
78.0142
78.009
78.0038
77.9987
77.9935
77.9883
77.9832
77.9781
77.973
77.9679
77.9628
77.9577
77.9527
77.9476
77.9426
77.9375
77.9325
77.9275
77.9226
77.9176
77.9126
77.9077
77.9027
77.8978
77.8929
77.888
77.8831
77.8782
77.8734
77.8685
77.8637
77.8589
77.8541
77.8493
77.8445
77.8397
77.8349
77.8302
77.8255
77.8207
77.816
77.8113
77.8066
77.8019
77.7973
77.7926
77.788
77.7833
77.7787
77.7741
77.7695
77.7649
77.7603
77.7558
77.7512
77.7467
77.7422
77.7376
77.7331
77.7286
77.7242
77.7197
77.7152
77.7108
77.7063
77.7019
77.6975
77.6931
77.6887
77.6843
77.6799
77.6756
77.6712
77.6669
77.6626
77.6583
77.6539
77.6496
77.6454
77.6411
77.6368
77.6326
77.6283
77.6241
77.6199
77.6157
77.6115
77.6073
77.6031
77.5989
77.5948
77.5906
77.5865
77.5824
77.5783
77.5741
77.5701
77.566
77.5619
77.5578
77.5538
77.5497
77.5457
77.5417
77.5377
77.5337
77.5297
77.5257
77.5217
77.5177
77.5138
77.5098
77.5059
77.502
77.4981
77.4942
77.4903
77.4864
77.4825
77.4786
77.4748
77.4709
77.4671
77.4633
77.4594
77.4556
77.4518
77.448
77.4442
77.4405
77.4367
77.433
77.4292
77.4255
77.4218
77.418
77.4143
77.4106
77.4069
77.4033
77.3996
77.3959
77.3923
77.3886
77.385
77.3814
77.3777
77.3741
77.3705
77.3669
77.3634
77.3598
77.3562
77.3527
77.3491
77.3456
77.3421
77.3385
77.335
77.3315
77.328
77.3245
77.321
77.3176
77.3141
77.3107
77.3072
77.3038
77.3004
77.2969
77.2935
77.2901
77.2867
77.2833
77.28
77.2766
77.2732
77.2699
77.2665
77.2632
77.2599
77.2565
77.2532
77.2499
77.2466
77.2433
77.24
77.2368
77.2335
77.2302
77.227
77.2237
77.2205
77.2173
77.2141
77.2109
77.2076
77.2045
77.2013
77.1981
77.1949
77.1917
77.1886
77.1854
77.1823
77.1792
77.176
77.1729
77.1698
77.1667
77.1636
77.1605
77.1574
77.1543
77.1513
77.1482
77.1451
77.1421
77.1391
77.136
77.133
77.13
77.127
77.124
77.121
77.118
77.115
77.112
77.109
77.1061
77.1031
77.1002
77.0972
77.0943
77.0914
77.0885
77.0855
77.0826
77.0797
77.0768
77.0739
77.0711
77.0682
77.0653
77.0625
77.0596
77.0568
77.0539
77.0511
77.0483
77.0454
77.0426
77.0398
77.037
77.0342
77.0314
77.0287
77.0259
77.0231
77.0204
77.0176
77.0148
77.0121
77.0094
77.0066
77.0039
77.0012
76.9985
76.9958
76.9931
76.9904
76.9877
76.985
76.9823
76.9797
76.977
76.9744
76.9717
76.9691
76.9664
76.9638
76.9612
76.9585
76.9559
76.9533
76.9507
76.9481
76.9455
76.943
76.9404
76.9378
76.9352
76.9327
76.9301
76.9276
76.925
76.9225
76.92
76.9174
76.9149
76.9124
76.9099
76.9074
76.9049
76.9024
76.8999
76.8974
76.895
76.8925
76.89
76.8876
76.8851
76.8827
76.8802
76.8778
76.8753
76.8729
76.8705
76.8681
76.8657
76.8633
76.8609
76.8585
76.8561
76.8537
76.8513
76.849
76.8466
76.8442
76.8419
76.8395
76.8372
76.8348
76.8325
76.8302
76.8278
76.8255
76.8232
76.8209
76.8186
76.8163
76.814
76.8117
76.8094
76.8071
76.8049
76.8026
76.8003
76.7981
76.7958
76.7936
76.7913
76.7891
76.7868
76.7846
76.7824
76.7802
76.778
76.7757
76.7735
76.7713
76.7691
76.7669
76.7648
76.7626
76.7604
76.7582
76.7561
76.7539
76.7517
76.7496
76.7474
76.7453
76.7431
76.741
76.7389
76.7368
76.7346
76.7325
76.7304
76.7283
76.7262
76.7241
76.722
76.7199
76.7178
76.7157
76.7137
76.7116
76.7095
76.7075
76.7054
76.7034
76.7013
76.6993
76.6972
76.6952
76.6931
76.6911
76.6891
76.6871
76.6851
76.683
76.681
76.679
76.677
76.675
76.6731
76.6711
76.6691
76.6671
76.6651
76.6632
76.6612
76.6592
76.6573
76.6553
76.6534
76.6514
76.6495
76.6476
76.6456
76.6437
76.6418
76.6399
76.6379
76.636
76.6341
76.6322
76.6303
76.6284
76.6265
76.6246
76.6228
76.6209
76.619
76.6171
76.6153
76.6134
76.6115
76.6097
76.6078
76.606
76.6041
76.6023
76.6005
76.5986
76.5968
76.595
76.5931
76.5913
76.5895
76.5877
76.5859
76.5841
76.5823
76.5805
76.5787
76.5769
76.5751
76.5733
76.5716
76.5698
76.568
76.5663
76.5645
76.5627
76.561
76.5592
76.5575
76.5557
76.554
76.5522
76.5505
76.5488
76.5471
76.5453
76.5436
76.5419
76.5402
76.5385
76.5368
76.5351
76.5334
76.5317
76.53
76.5283
76.5266
76.5249
76.5232
76.5216
76.5199
76.5182
76.5165
76.5149
76.5132
76.5116
76.5099
76.5083
76.5066
76.505
76.5033
76.5017
76.5001
76.4984
76.4968
76.4952
76.4936
76.492
76.4903
76.4887
76.4871
76.4855
76.4839
76.4823
76.4807
76.4791
76.4775
76.476
76.4744
76.4728
76.4712
76.4697
76.4681
76.4665
76.465
76.4634
76.4618
76.4603
76.4587
76.4572
76.4556
76.4541
76.4526
76.451
76.4495
76.448
76.4464
76.4449
76.4434
76.4419
76.4404
76.4389
76.4373
76.4358
76.4343
76.4328
76.4313
76.4298
76.4284
76.4269
76.4254
76.4239
76.4224
76.4209
76.4195
76.418
76.4165
76.4151
76.4136
76.4121
76.4107
76.4092
76.4078
76.4063
76.4049
76.4035
76.402
76.4006
76.3991
76.3977
76.3963
76.3949
76.3934
76.392
76.3906
76.3892
76.3878
76.3864
76.385
76.3835
76.3821
76.3807
76.3794
76.378
76.3766
76.3752
76.3738
76.3724
76.371
76.3697
76.3683
76.3669
76.3655
76.3642
76.3628
76.3614
76.3601
76.3587
76.3574
76.356
76.3547
76.3533
76.352
76.3506
76.3493
76.348
76.3466
76.3453
76.344
76.3426
76.3413
76.34
76.3387
76.3374
76.3361
76.3347
76.3334
76.3321
76.3308
76.3295
76.3282
76.3269
76.3256
76.3243
76.3231
76.3218
76.3205
76.3192
76.3179
76.3166
76.3154
76.3141
76.3128
76.3116
76.3103
76.309
76.3078
76.3065
76.3053
76.304
76.3028
76.3015
76.3003
76.299
76.2978
76.2965
76.2953
76.2941
76.2928
76.2916
76.2904
76.2891
76.2879
76.2867
76.2855
76.2843
76.2831
76.2818
76.2806
76.2794
76.2782
76.277
76.2758
76.2746
76.2734
76.2722
76.271
76.2698
76.2687
76.2675
76.2663
76.2651
76.2639
76.2627
76.2616
76.2604
76.2592
76.2581
76.2569
76.2557
76.2546
76.2534
76.2523
76.2511
76.2499
76.2488
76.2476
76.2465
76.2453
76.2442
76.2431
76.2419
76.2408
76.2397
76.2385
76.2374
76.2363
76.2351
76.234
76.2329
76.2318
76.2306
76.2295
76.2284
76.2273
76.2262
76.2251
76.224
76.2229
76.2218
76.2207
76.2196
76.2185
76.2174
76.2163
76.2152
76.2141
76.213
76.2119
76.2109
76.2098
76.2087
76.2076
76.2065
76.2055
76.2044
76.2033
76.2023
76.2012
76.2001
76.1991
76.198
76.197
76.1959
76.1948
76.1938
76.1927
76.1917
76.1907
76.1896
76.1886
76.1875
76.1865
76.1854
76.1844
76.1834
76.1823
76.1813
76.1803
76.1793
76.1782
76.1772
76.1762
76.1752
76.1742
76.1731
76.1721
76.1711
76.1701
76.1691
76.1681
76.1671
76.1661
76.1651
76.1641
76.1631
76.1621
76.1611
76.1601
76.1591
76.1581
76.1571
76.1562
76.1552
76.1542
76.1532
76.1522
76.1513
76.1503
76.1493
76.1483
76.1474
76.1464
76.1454
76.1445
76.1435
76.1425
76.1416
76.1406
76.1397
76.1387
76.1378
76.1368
76.1359
76.1349
76.134
76.133
76.1321
76.1311
76.1302
76.1293
76.1283
76.1274
76.1265
76.1255
76.1246
76.1237
76.1227
76.1218
76.1209
76.12
76.119
76.1181
76.1172
76.1163
76.1154
76.1145
76.1136
76.1126
76.1117
76.1108
76.1099
76.109
76.1081
76.1072
76.1063
76.1054
76.1045
76.1036
76.1027
76.1019
76.101
76.1001
76.0992
76.0983
76.0974
76.0965
76.0957
76.0948
76.0939
76.093
76.0922
76.0913
76.0904
76.0895
76.0887
76.0878
76.0869
76.0861
76.0852
76.0844
76.0835
76.0826
76.0818
76.0809
76.0801
76.0792
76.0784
76.0775
76.0767
76.0758
76.075
76.0741
76.0733
76.0725
76.0716
76.0708
76.07
76.0691
76.0683
76.0675
76.0666
76.0658
76.065
76.0641
76.0633
76.0625
76.0617
76.0608
76.06
76.0592
76.0584
76.0576
76.0568
76.056
76.0551
76.0543
76.0535
76.0527
76.0519
76.0511
76.0503
76.0495
76.0487
76.0479
76.0471
76.0463
76.0455
76.0447
76.0439
76.0431
76.0424
76.0416
76.0408
76.04
76.0392
76.0384
76.0377
76.0369
76.0361
76.0353
76.0345
76.0338
76.033
76.0322
76.0315
76.0307
76.0299
76.0291
76.0284
76.0276
76.0269
76.0261
76.0253
76.0246
76.0238
76.0231
76.0223
76.0216
76.0208
76.02
76.0193
76.0185
76.0178
76.0171
76.0163
76.0156
76.0148
76.0141
76.0133
76.0126
76.0119
76.0111
76.0104
76.0097
76.0089
76.0082
76.0075
76.0067
76.006
76.0053
76.0046
76.0038
76.0031
76.0024
76.0017
76.0009
76.0002
75.9995
75.9988
75.9981
75.9974
75.9967
75.9959
75.9952
75.9945
75.9938
75.9931
75.9924
75.9917
75.991
75.9903
75.9896
75.9889
75.9882
75.9875
75.9868
75.9861
75.9854
75.9847
75.984
75.9833
75.9827
75.982
75.9813
75.9806
75.9799
75.9792
75.9785
75.9779
75.9772
75.9765
75.9758
75.9752
75.9745
75.9738
75.9731
75.9725
75.9718
75.9711
75.9704
75.9698
75.9691
75.9684
75.9678
75.9671
75.9665
75.9658
75.9651
75.9645
75.9638
75.9632
75.9625
75.9619
75.9612
75.9606
75.9599
75.9592
75.9586
75.958
75.9573
75.9567
75.956
75.9554
75.9547
75.9541
75.9534
75.9528
75.9522
75.9515
75.9509
75.9503
75.9496
75.949
75.9484
75.9477
75.9471
75.9465
75.9458
75.9452
75.9446
75.944
75.9433
75.9427
75.9421
75.9415
75.9409
75.9402
75.9396
75.939
75.9384
75.9378
75.9372
75.9365
75.9359
75.9353
75.9347
75.9341
75.9335
75.9329
75.9323
75.9317
75.9311
75.9305
75.9299
75.9293
75.9287
75.9281
75.9275
75.9269
75.9263
75.9257
75.9251
75.9245
75.9239
75.9233
75.9227
75.9221
75.9216
75.921
75.9204
75.9198
75.9192
75.9186
75.9181
75.9175
75.9169
75.9163
75.9157
75.9152
75.9146
75.914
75.9134
75.9129
75.9123
75.9117
75.9111
75.9106
75.91
75.9094
75.9089
75.9083
75.9077
75.9072
75.9066
75.9061
75.9055
75.9049
75.9044
75.9038
75.9033
75.9027
75.9021
75.9016
75.901
75.9005
75.8999
75.8994
75.8988
75.8983
75.8977
75.8972
75.8966
75.8961
75.8955
75.895
75.8945
75.8939
75.8934
75.8928
75.8923
75.8918
75.8912
75.8907
75.8901
75.8896
75.8891
75.8885
75.888
75.8875
75.887
75.8864
75.8859
75.8854
75.8848
75.8843
75.8838
75.8833
75.8827
75.8822
75.8817
75.8812
75.8807
75.8801
75.8796
75.8791
75.8786
75.8781
75.8776
75.877
75.8765
75.876
75.8755
75.875
75.8745
75.874
75.8735
75.873
75.8724
75.8719
75.8714
75.8709
75.8704
75.8699
75.8694
75.8689
75.8684
75.8679
75.8674
75.8669
75.8664
75.8659
75.8654
75.865
75.8645
75.864
75.8635
75.863
75.8625
75.862
75.8615
75.861
75.8605
75.8601
75.8596
75.8591
75.8586
75.8581
75.8576
75.8572
75.8567
75.8562
75.8557
75.8552
75.8548
75.8543
75.8538
75.8533
75.8529
75.8524
75.8519
75.8514
75.851
75.8505
75.85
75.8496
75.8491
75.8486
75.8482
75.8477
75.8472
75.8468
75.8463
75.8459
75.8454
75.8449
75.8445
75.844
75.8436
75.8431
75.8426
75.8422
75.8417
75.8413
75.8408
75.8404
75.8399
75.8395
75.839
75.8386
75.8381
75.8377
75.8372
75.8368
75.8363
75.8359
75.8354
75.835
75.8345
75.8341
75.8337
75.8332
75.8328
75.8323
75.8319
75.8315
75.831
75.8306
75.8302
75.8297
75.8293
75.8289
75.8284
75.828
75.8276
75.8271
75.8267
75.8263
75.8258
75.8254
75.825
75.8246
75.8241
75.8237
75.8233
75.8229
75.8224
75.822
75.8216
75.8212
75.8208
75.8203
75.8199
75.8195
75.8191
75.8187
75.8183
75.8178
75.8174
75.817
75.8166
75.8162
75.8158
75.8154
75.815
75.8145
75.8141
75.8137
75.8133
75.8129
75.8125
75.8121
75.8117
75.8113
75.8109
75.8105
75.8101
75.8097
75.8093
75.8089
75.8085
75.8081
75.8077
75.8073
75.8069
75.8065
75.8061
75.8057
75.8053
75.8049
75.8046
75.8042
75.8038
75.8034
75.803
75.8026
75.8022
75.8018
75.8014
75.8011
75.8007
75.8003
75.7999
75.7995
75.7991
75.7988
75.7984
75.798
75.7976
75.7972
75.7969
75.7965
75.7961
75.7957
75.7954
75.795
75.7946
75.7942
75.7939
75.7935
75.7931
75.7927
75.7924
75.792
75.7916
75.7913
75.7909
75.7905
75.7902
75.7898
75.7894
75.7891
75.7887
75.7883
75.788
75.7876
75.7873
75.7869
75.7865
75.7862
75.7858
75.7855
75.7851
75.7847
75.7844
75.784
75.7837
75.7833
75.783
75.7826
75.7823
75.7819
75.7816
75.7812
75.7809
75.7805
75.7802
75.7798
75.7795
75.7791
75.7788
75.7784
75.7781
75.7777
75.7774
75.7771
75.7767
75.7764
75.776
75.7757
75.7754
75.775
75.7747
75.7743
75.774
75.7737
75.7733
75.773
75.7727
75.7723
75.772
75.7717
75.7713
75.771
75.7707
75.7703
75.77
75.7697
75.7693
75.769
75.7687
75.7684
75.768
75.7677
75.7674
75.7671
75.7667
75.7664
75.7661
75.7658
75.7654
75.7651
75.7648
75.7645
75.7642
75.7638
75.7635
75.7632
75.7629
75.7626
75.7623
75.7619
75.7616
75.7613
75.761
75.7607
75.7604
75.7601
75.7598
75.7595
75.7591
75.7588
75.7585
75.7582
75.7579
75.7576
75.7573
75.757
75.7567
75.7564
75.7561
75.7558
75.7555
75.7552
75.7549
75.7546
75.7543
75.754
75.7537
75.7534
75.7531
75.7528
75.7525
75.7522
75.7519
75.7516
75.7513
75.751
75.7507
75.7504
75.7501
75.7498
75.7495
75.7493
75.749
75.7487
75.7484
75.7481
75.7478
75.7475
75.7472
75.747
75.7467
75.7464
75.7461
75.7458
75.7455
75.7452
75.745
75.7447
75.7444
75.7441
75.7438
75.7436
75.7433
75.743
75.7427
75.7425
75.7422
75.7419
75.7416
75.7414
75.7411
75.7408
75.7405
75.7403
75.74
75.7397
75.7394
75.7392
75.7389
75.7386
75.7384
75.7381
75.7378
75.7376
75.7373
75.737
75.7368
75.7365
75.7362
75.736
75.7357
75.7354
75.7352
75.7349
75.7347
75.7344
75.7341
75.7339
75.7336
75.7334
75.7331
75.7329
75.7326
75.7323
75.7321
75.7318
75.7316
75.7313
75.7311
75.7308
75.7306
75.7303
75.7301
75.7298
75.7296
75.7293
75.7291
75.7288
75.7286
75.7283
75.7281
75.7278
75.7276
75.7273
75.7271
75.7268
75.7266
75.7264
75.7261
75.7259
75.7256
75.7254
75.7251
75.7249
75.7247
75.7244
75.7242
75.7239
75.7237
75.7235
75.7232
75.723
75.7228
75.7225
75.7223
75.7221
75.7218
75.7216
75.7214
75.7211
75.7209
75.7207
75.7204
75.7202
75.72
75.7198
75.7195
75.7193
75.7191
75.7188
75.7186
75.7184
75.7182
75.7179
75.7177
75.7175
75.7173
75.7171
75.7168
75.7166
75.7164
75.7162
75.7159
75.7157
75.7155
75.7153
75.7151
75.7149
75.7146
75.7144
75.7142
75.714
75.7138
75.7136
75.7134
75.7131
75.7129
75.7127
75.7125
75.7123
75.7121
75.7119
75.7117
75.7115
75.7112
75.711
75.7108
75.7106
75.7104
75.7102
75.71
75.7098
75.7096
75.7094
75.7092
75.709
75.7088
75.7086
75.7084
75.7082
75.708
75.7078
75.7076
75.7074
75.7072
75.707
75.7068
75.7066
75.7064
75.7062
75.706
75.7058
75.7056
75.7054
75.7052
75.705
75.7048
75.7046
75.7045
75.7043
75.7041
75.7039
75.7037
75.7035
75.7033
75.7031
75.7029
75.7028
75.7026
75.7024
75.7022
75.702
75.7018
75.7016
75.7015
75.7013
75.7011
75.7009
75.7007
75.7005
75.7004
75.7002
75.7
75.6998
75.6997
75.6995
75.6993
75.6991
75.6989
75.6988
75.6986
75.6984
75.6982
75.6981
75.6979
75.6977
75.6975
75.6974
75.6972
75.697
75.6969
75.6967
75.6965
75.6964
75.6962
75.696
75.6958
75.6957
75.6955
75.6953
75.6952
75.695
75.6949
75.6947
75.6945
75.6944
75.6942
75.694
75.6939
75.6937
75.6935
75.6934
75.6932
75.6931
75.6929
75.6928
75.6926
75.6924
75.6923
75.6921
75.692
75.6918
75.6917
75.6915
75.6913
75.6912
75.691
75.6909
75.6907
75.6906
75.6904
75.6903
75.6901
75.69
75.6898
75.6897
75.6895
75.6894
75.6892
75.6891
75.6889
75.6888
75.6887
75.6885
75.6884
75.6882
75.6881
75.6879
75.6878
75.6876
75.6875
75.6874
75.6872
75.6871
75.6869
75.6868
75.6867
75.6865
75.6864
75.6863
75.6861
75.686
75.6858
75.6857
75.6856
75.6854
75.6853
75.6852
75.685
75.6849
75.6848
75.6846
75.6845
75.6844
75.6842
75.6841
75.684
75.6839
75.6837
75.6836
75.6835
75.6833
75.6832
75.6831
75.683
75.6828
75.6827
75.6826
75.6825
75.6824
75.6822
75.6821
75.682
75.6819
75.6817
75.6816
75.6815
75.6814
75.6813
75.6811
75.681
75.6809
75.6808
75.6807
75.6806
75.6804
75.6803
75.6802
75.6801
75.68
75.6799
75.6798
75.6797
75.6795
75.6794
75.6793
75.6792
75.6791
75.679
75.6789
75.6788
75.6787
75.6786
75.6784
75.6783
75.6782
75.6781
75.678
75.6779
75.6778
75.6777
75.6776
75.6775
75.6774
75.6773
75.6772
75.6771
75.677
75.6769
75.6768
75.6767
75.6766
75.6765
75.6764
75.6763
75.6762
75.6761
75.676
75.6759
75.6758
75.6757
75.6756
75.6756
75.6755
75.6754
75.6753
75.6752
75.6751
75.675
75.6749
75.6748
75.6747
75.6746
75.6746
75.6745
75.6744
75.6743
75.6742
75.6741
75.674
75.674
75.6739
75.6738
75.6737
75.6736
75.6735
75.6735
75.6734
75.6733
75.6732
75.6731
75.6731
75.673
75.6729
75.6728
75.6727
75.6727
75.6726
75.6725
75.6724
75.6724
75.6723
75.6722
75.6721
75.6721
75.672
75.6719
75.6719
75.6718
75.6717
75.6716
75.6716
75.6715
75.6714
75.6714
75.6713
75.6712
75.6712
75.6711
75.671
75.671
75.6709
75.6708
75.6708
75.6707
75.6706
75.6706
75.6705
75.6705
75.6704
75.6703
75.6703
75.6702
75.6702
75.6701
75.67
75.67
75.6699
75.6699
75.6698
75.6697
75.6697
75.6696
75.6696
75.6695
75.6695
75.6694
75.6694
75.6693
75.6693
75.6692
75.6692
75.6691
75.6691
75.669
75.669
75.6689
75.6689
75.6688
75.6688
75.6687
75.6687
75.6686
75.6686
75.6685
75.6685
75.6685
75.6684
75.6684
75.6683
75.6683
75.6682
75.6682
75.6682
75.6681
75.6681
75.668
75.668
75.668
75.6679
75.6679
75.6679
75.6678
75.6678
75.6678
75.6677
75.6677
75.6677
75.6676
75.6676
75.6676
75.6675
75.6675
75.6675
75.6674
75.6674
75.6674
75.6673
75.6673
75.6673
75.6673
75.6672
75.6672
75.6672
75.6672
75.6671
75.6671
75.6671
75.6671
75.667
75.667
75.667
75.667
75.667
75.6669
75.6669
75.6669
75.6669
75.6669
75.6668
75.6668
75.6668
75.6668
75.6668
75.6668
75.6667
75.6667
75.6667
75.6667
75.6667
75.6667
75.6667
75.6667
75.6666
75.6666
75.6666
75.6666
75.6666
75.6666
75.6666
75.6666
75.6666
75.6666
75.6666
75.6666
75.6666
75.6665
75.6665
75.6665
75.6665
75.6665
75.6665
75.6665
75.6665
75.6665
75.6665
75.6665
75.6665
75.6665
75.6665
75.6665
75.6665
75.6665
75.6666
75.6666
75.6666
75.6666
75.6666
75.6666
75.6666
75.6666
75.6666
75.6666
75.6666
75.6666
75.6666
75.6667
75.6667
75.6667
75.6667
75.6667
75.6667
75.6667
75.6667
75.6668
75.6668
75.6668
75.6668
75.6668
75.6668
75.6669
75.6669
75.6669
75.6669
75.6669
75.667
75.667
75.667
75.667
75.667
75.6671
75.6671
75.6671
75.6671
75.6672
75.6672
75.6672
75.6672
75.6673
75.6673
75.6673
75.6673
75.6674
75.6674
75.6674
75.6675
75.6675
75.6675
75.6676
75.6676
75.6676
75.6677
75.6677
75.6677
75.6678
75.6678
75.6678
75.6679
75.6679
75.668
75.668
75.668
75.6681
75.6681
75.6682
75.6682
75.6682
75.6683
75.6683
75.6684
75.6684
75.6685
75.6685
75.6685
75.6686
75.6686
75.6687
75.6687
75.6688
75.6688
75.6689
75.6689
75.669
75.669
75.6691
75.6691
75.6692
75.6692
75.6693
75.6693
75.6694
75.6695
75.6695
75.6696
75.6696
75.6697
75.6697
75.6698
75.6699
75.6699
75.67
75.67
75.6701
75.6702
75.6702
75.6703
75.6703
75.6704
75.6705
75.6705
75.6706
75.6707
75.6707
75.6708
75.6709
75.6709
75.671
75.6711
75.6711
75.6712
75.6713
75.6714
75.6714
75.6715
75.6716
75.6716
75.6717
75.6718
75.6719
75.672
75.672
75.6721
75.6722
75.6723
75.6723
75.6724
75.6725
75.6726
75.6727
75.6727
75.6728
75.6729
75.673
75.6731
75.6732
75.6732
75.6733
75.6734
75.6735
75.6736
75.6737
75.6738
75.6739
75.6739
75.674
75.6741
75.6742
75.6743
75.6744
75.6745
75.6746
75.6747
75.6748
75.6749
75.675
75.6751
75.6752
75.6753
75.6754
75.6755
75.6756
75.6757
75.6758
75.6759
75.676
75.6761
75.6762
75.6763
75.6764
75.6765
75.6766
75.6767
75.6768
75.6769
75.677
75.6771
75.6772
75.6773
75.6774
75.6776
75.6777
75.6778
75.6779
75.678
75.6781
75.6782
75.6783
75.6785
75.6786
75.6787
75.6788
75.6789
75.679
75.6792
75.6793
75.6794
75.6795
75.6796
75.6798
75.6799
75.68
75.6801
75.6803
75.6804
75.6805
75.6806
75.6808
75.6809
75.681
75.6811
75.6813
75.6814
75.6815
75.6817
75.6818
75.6819
75.6821
75.6822
75.6823
75.6825
75.6826
75.6827
75.6829
75.683
75.6831
75.6833
75.6834
75.6836
75.6837
75.6838
75.684
75.6841
75.6843
75.6844
75.6846
75.6847
75.6849
75.685
75.6851
75.6853
75.6854
75.6856
75.6857
75.6859
75.686
75.6862
75.6863
75.6865
75.6866
75.6868
75.687
75.6871
75.6873
75.6874
75.6876
75.6877
75.6879
75.6881
75.6882
75.6884
75.6885
75.6887
75.6889
75.689
75.6892
75.6893
75.6895
75.6897
75.6898
75.69
75.6902
75.6903
75.6905
75.6907
75.6909
75.691
75.6912
75.6914
75.6915
75.6917
75.6919
75.6921
75.6922
75.6924
75.6926
75.6928
75.693
75.6931
75.6933
75.6935
75.6937
75.6939
75.694
75.6942
75.6944
75.6946
75.6948
75.695
75.6951
75.6953
75.6955
75.6957
75.6959
75.6961
75.6963
75.6965
75.6967
75.6969
75.697
75.6972
75.6974
75.6976
75.6978
75.698
75.6982
75.6984
75.6986
75.6988
75.699
75.6992
75.6994
75.6996
75.6998
75.7
75.7002
75.7004
75.7006
75.7009
75.7011
75.7013
75.7015
75.7017
75.7019
75.7021
75.7023
75.7025
75.7027
75.703
75.7032
75.7034
75.7036
75.7038
75.704
75.7043
75.7045
75.7047
75.7049
75.7051
75.7054
75.7056
75.7058
75.706
75.7063
75.7065
75.7067
75.7069
75.7072
75.7074
75.7076
75.7079
75.7081
75.7083
75.7085
75.7088
75.709
75.7093
75.7095
75.7097
75.71
75.7102
75.7104
75.7107
75.7109
75.7112
75.7114
75.7116
75.7119
75.7121
75.7124
75.7126
75.7129
75.7131
75.7134
75.7136
75.7139
75.7141
75.7144
75.7146
75.7149
75.7151
75.7154
75.7156
75.7159
75.7161
75.7164
75.7167
75.7169
75.7172
75.7174
75.7177
75.718
75.7182
75.7185
75.7187
75.719
75.7193
75.7195
75.7198
75.7201
75.7204
75.7206
75.7209
75.7212
75.7214
75.7217
75.722
75.7223
75.7225
75.7228
75.7231
75.7234
75.7237
75.7239
75.7242
75.7245
75.7248
75.7251
75.7253
75.7256
75.7259
75.7262
75.7265
75.7268
75.7271
75.7274
75.7277
75.7279
75.7282
75.7285
75.7288
75.7291
75.7294
75.7297
75.73
75.7303
75.7306
75.7309
75.7312
75.7315
75.7318
75.7321
75.7324
75.7327
75.733
75.7333
75.7337
75.734
75.7343
75.7346
75.7349
75.7352
75.7355
75.7358
75.7362
75.7365
75.7368
75.7371
75.7374
75.7377
75.7381
75.7384
75.7387
75.739
75.7394
75.7397
75.74
75.7403
75.7407
75.741
75.7413
75.7417
75.742
75.7423
75.7427
75.743
75.7433
75.7437
75.744
75.7443
75.7447
75.745
75.7454
75.7457
75.746
75.7464
75.7467
75.7471
75.7474
75.7478
75.7481
75.7485
75.7488
75.7492
75.7495
75.7499
75.7502
75.7506
75.751
75.7513
75.7517
75.752
75.7524
75.7528
75.7531
75.7535
75.7538
75.7542
75.7546
75.7549
75.7553
75.7557
75.7561
75.7564
75.7568
75.7572
75.7575
75.7579
75.7583
75.7587
75.7591
75.7594
75.7598
75.7602
75.7606
75.761
75.7613
75.7617
75.7621
75.7625
75.7629
75.7633
75.7637
75.7641
75.7645
75.7649
75.7652
75.7656
75.766
75.7664
75.7668
75.7672
75.7676
75.768
75.7684
75.7688
75.7693
75.7697
75.7701
75.7705
75.7709
75.7713
75.7717
75.7721
75.7725
75.773
75.7734
75.7738
75.7742
75.7746
75.775
75.7755
75.7759
75.7763
75.7767
75.7772
75.7776
75.778
75.7785
75.7789
75.7793
75.7797
75.7802
75.7806
75.7811
75.7815
75.7819
75.7824
75.7828
75.7833
75.7837
75.7841
75.7846
75.785
75.7855
75.7859
75.7864
75.7868
75.7873
75.7877
75.7882
75.7886
75.7891
75.7896
75.79
75.7905
75.7909
75.7914
75.7919
75.7923
75.7928
75.7933
75.7937
75.7942
75.7947
75.7952
75.7956
75.7961
75.7966
75.7971
75.7975
75.798
75.7985
75.799
75.7995
75.7999
75.8004
75.8009
75.8014
75.8019
75.8024
75.8029
75.8034
75.8039
75.8044
75.8049
75.8054
75.8059
75.8064
75.8069
75.8074
75.8079
75.8084
75.8089
75.8094
75.8099
75.8104
75.8109
75.8114
75.812
75.8125
75.813
75.8135
75.814
75.8146
75.8151
75.8156
75.8161
75.8167
75.8172
75.8177
75.8182
75.8188
75.8193
75.8198
75.8204
75.8209
75.8215
75.822
75.8225
75.8231
75.8236
75.8242
75.8247
75.8253
75.8258
75.8264
75.8269
75.8275
75.828
75.8286
75.8292
75.8297
75.8303
75.8308
75.8314
75.832
75.8325
75.8331
75.8337
75.8342
75.8348
75.8354
75.836
75.8365
75.8371
75.8377
75.8383
75.8389
75.8394
75.84
75.8406
75.8412
75.8418
75.8424
75.843
75.8436
75.8442
75.8448
75.8454
75.846
75.8466
75.8472
75.8478
75.8484
75.849
75.8496
75.8502
75.8508
75.8514
75.8521
75.8527
75.8533
75.8539
75.8545
75.8552
75.8558
75.8564
75.857
75.8577
75.8583
75.8589
75.8596
75.8602
75.8609
75.8615
75.8621
75.8628
75.8634
75.8641
75.8647
75.8654
75.866
75.8667
75.8673
75.868
75.8686
75.8693
75.8699
75.8706
75.8713
75.8719
75.8726
75.8733
75.8739
75.8746
75.8753
75.876
75.8766
75.8773
75.878
75.8787
75.8794
75.8801
75.8807
75.8814
75.8821
75.8828
75.8835
75.8842
75.8849
75.8856
75.8863
75.887
75.8877
75.8884
75.8891
75.8898
75.8906
75.8913
75.892
75.8927
75.8934
75.8941
75.8949
75.8956
75.8963
75.897
75.8978
75.8985
75.8992
75.9
75.9007
75.9015
75.9022
75.9029
75.9037
75.9044
75.9052
75.9059
75.9067
75.9074
75.9082
75.909
75.9097
75.9105
75.9112
75.912
75.9128
75.9135
75.9143
75.9151
75.9159
75.9166
75.9174
75.9182
75.919
75.9198
75.9206
75.9213
75.9221
75.9229
75.9237
75.9245
75.9253
75.9261
75.9269
75.9277
75.9285
75.9293
75.93
75.9308
75.9316
75.9324
75.9332
75.934
75.9348
75.9355
75.9363
75.9371
75.9379
75.9387
75.9395
75.9402
75.941
75.9418
75.9426
75.9434
75.9441
75.9449
75.9457
75.9465
75.9472
75.948
75.9488
75.9496
75.9503
75.9511
75.9519
75.9526
75.9534
75.9542
75.9549
75.9557
75.9565
75.9572
75.958
75.9588
75.9595
75.9603
75.9611
75.9618
75.9626
75.9634
75.9641
75.9649
75.9656
75.9664
75.9672
75.9679
75.9687
75.9694
75.9702
75.9709
75.9717
75.9725
75.9732
75.974
75.9747
75.9755
75.9762
75.977
75.9777
75.9785
75.9792
75.98
75.9807
75.9815
75.9822
75.983
75.9837
75.9845
75.9852
75.9859
75.9867
75.9874
75.9882
75.9889
75.9897
75.9904
75.9911
75.9919
75.9926
75.9934
75.9941
75.9948
75.9956
75.9963
75.997
75.9978
75.9985
75.9992
76
76.0007
76.0014
76.0022
76.0029
76.0036
76.0044
76.0051
76.0058
76.0065
76.0073
76.008
76.0087
76.0094
76.0102
76.0109
76.0116
76.0123
76.0131
76.0138
76.0145
76.0152
76.016
76.0167
76.0174
76.0181
76.0188
76.0195
76.0203
76.021
76.0217
76.0224
76.0231
76.0238
76.0245
76.0253
76.026
76.0267
76.0274
76.0281
76.0288
76.0295
76.0302
76.0309
76.0317
76.0324
76.0331
76.0338
76.0345
76.0352
76.0359
76.0366
76.0373
76.038
76.0387
76.0394
76.0401
76.0408
76.0415
76.0422
76.0429
76.0436
76.0443
76.045
76.0457
76.0464
76.0471
76.0478
76.0485
76.0492
76.0499
76.0505
76.0512
76.0519
76.0526
76.0533
76.054
76.0547
76.0554
76.0561
76.0567
76.0574
76.0581
76.0588
76.0595
76.0602
76.0609
76.0615
76.0622
76.0629
76.0636
76.0643
76.065
76.0656
76.0663
76.067
76.0677
76.0683
76.069
76.0697
76.0704
76.0711
76.0717
76.0724
76.0731
76.0738
76.0744
76.0751
76.0758
76.0764
76.0771
76.0778
76.0784
76.0791
76.0798
76.0805
76.0811
76.0818
76.0825
76.0831
76.0838
76.0844
76.0851
76.0858
76.0864
76.0871
76.0878
76.0884
76.0891
76.0897
76.0904
76.0911
76.0917
76.0924
76.093
76.0937
76.0944
76.095
76.0957
76.0963
76.097
76.0976
76.0983
76.0989
76.0996
76.1002
76.1009
76.1015
76.1022
76.1028
76.1035
76.1041
76.1048
76.1054
76.1061
76.1067
76.1074
76.108
76.1087
76.1093
76.1099
76.1106
76.1112
76.1119
76.1125
76.1132
76.1138
76.1144
76.1151
76.1157
76.1163
76.117
76.1176
76.1183
76.1189
76.1195
76.1202
76.1208
76.1214
76.1221
76.1227
76.1233
76.124
76.1246
76.1252
76.1258
76.1265
76.1271
76.1277
76.1284
76.129
76.1296
76.1302
76.1309
76.1315
76.1321
76.1327
76.1334
76.134
76.1346
76.1352
76.1359
76.1365
76.1371
76.1377
76.1383
76.139
76.1396
76.1402
76.1408
76.1414
76.142
76.1427
76.1433
76.1439
76.1445
76.1451
76.1457
76.1463
76.147
76.1476
76.1482
76.1488
76.1494
76.15
76.1506
76.1512
76.1518
76.1524
76.153
76.1536
76.1543
76.1549
76.1555
76.1561
76.1567
76.1573
76.1579
76.1585
76.1591
76.1597
76.1603
76.1609
76.1615
76.1621
76.1627
76.1633
76.1639
76.1645
76.1651
76.1657
76.1663
76.1668
76.1674
76.168
76.1686
76.1692
76.1698
76.1704
76.171
76.1716
76.1722
76.1728
76.1734
76.1739
76.1745
76.1751
76.1757
76.1763
76.1769
76.1775
76.178
76.1786
76.1792
76.1798
76.1804
76.181
76.1815
76.1821
76.1827
76.1833
76.1839
76.1844
76.185
76.1856
76.1862
76.1868
76.1873
76.1879
76.1885
76.1891
76.1896
76.1902
76.1908
76.1914
76.1919
76.1925
76.1931
76.1936
76.1942
76.1948
76.1954
76.1959
76.1965
76.1971
76.1976
76.1982
76.1988
76.1993
76.1999
76.2005
76.201
76.2016
76.2021
76.2027
76.2033
76.2038
76.2044
76.205
76.2055
76.2061
76.2066
76.2072
76.2077
76.2083
76.2089
76.2094
76.21
76.2105
76.2111
76.2116
76.2122
76.2128
76.2133
76.2139
76.2144
76.215
76.2155
76.2161
76.2166
76.2172
76.2177
76.2183
76.2188
76.2194
76.2199
76.2204
76.221
76.2215
76.2221
76.2226
76.2232
76.2237
76.2243
76.2248
76.2253
76.2259
76.2264
76.227
76.2275
76.228
76.2286
76.2291
76.2297
76.2302
76.2307
76.2313
76.2318
76.2323
76.2329
76.2334
76.234
76.2345
76.235
76.2356
76.2361
76.2366
76.2371
76.2377
76.2382
76.2387
76.2393
76.2398
76.2403
76.2409
76.2414
76.2419
76.2424
76.243
76.2435
76.244
76.2445
76.2451
76.2456
76.2461
76.2466
76.2471
76.2477
76.2482
76.2487
76.2492
76.2497
76.2503
76.2508
76.2513
76.2518
76.2523
76.2528
76.2534
76.2539
76.2544
76.2549
76.2554
76.2559
76.2564
76.257
76.2575
76.258
76.2585
76.259
76.2595
76.26
76.2605
76.261
76.2616
76.2621
76.2626
76.2631
76.2636
76.2641
76.2646
76.2651
76.2656
76.2661
76.2666
76.2671
76.2676
76.2681
76.2686
76.2691
76.2696
76.2701
76.2706
76.2711
76.2716
76.2721
76.2726
76.2731
76.2736
76.2741
76.2746
76.2751
76.2756
76.2761
76.2766
76.2771
76.2775
76.278
76.2785
76.279
76.2795
76.28
76.2805
76.281
76.2815
76.282
76.2824
76.2829
76.2834
76.2839
76.2844
76.2849
76.2854
76.2858
76.2863
76.2868
76.2873
76.2878
76.2883
76.2887
76.2892
76.2897
76.2902
76.2907
76.2911
76.2916
76.2921
76.2926
76.293
76.2935
76.294
76.2945
76.2949
76.2954
76.2959
76.2964
76.2968
76.2973
76.2978
76.2983
76.2987
76.2992
76.2997
76.3001
76.3006
76.3011
76.3015
76.302
76.3025
76.3029
76.3034
76.3039
76.3043
76.3048
76.3053
76.3057
76.3062
76.3067
76.3071
76.3076
76.308
76.3085
76.309
76.3094
76.3099
76.3103
76.3108
76.3113
76.3117
76.3122
76.3126
76.3131
76.3135
76.314
76.3145
76.3149
76.3154
76.3158
76.3163
76.3167
76.3172
76.3176
76.3181
76.3185
76.319
76.3194
76.3199
76.3203
76.3208
76.3212
76.3217
76.3221
76.3226
76.323
76.3235
76.3239
76.3243
76.3248
76.3252
76.3257
76.3261
76.3266
76.327
76.3274
76.3279
76.3283
76.3288
76.3292
76.3296
76.3301
76.3305
76.331
76.3314
76.3318
76.3323
76.3327
76.3331
76.3336
76.334
76.3344
76.3349
76.3353
76.3357
76.3362
76.3366
76.337
76.3375
76.3379
76.3383
76.3387
76.3392
76.3396
76.34
76.3404
76.3409
76.3413
76.3417
76.3422
76.3426
76.343
76.3434
76.3438
76.3443
76.3447
76.3451
76.3455
76.346
76.3464
76.3468
76.3472
76.3476
76.3481
76.3485
76.3489
76.3493
76.3497
76.3501
76.3506
76.351
76.3514
76.3518
76.3522
76.3526
76.353
76.3534
76.3539
76.3543
76.3547
76.3551
76.3555
76.3559
76.3563
76.3567
76.3571
76.3575
76.358
76.3584
76.3588
76.3592
76.3596
76.36
76.3604
76.3608
76.3612
76.3616
76.362
76.3624
76.3628
76.3632
76.3636
76.364
76.3644
76.3648
76.3652
76.3656
76.366
76.3664
76.3668
76.3672
76.3676
76.368
76.3684
76.3688
76.3692
76.3696
76.3699
76.3703
76.3707
76.3711
76.3715
76.3719
76.3723
76.3727
76.3731
76.3735
76.3738
76.3742
76.3746
76.375
76.3754
76.3758
76.3762
76.3766
76.3769
76.3773
76.3777
76.3781
76.3785
76.3789
76.3792
76.3796
76.38
76.3804
76.3808
76.3811
76.3815
76.3819
76.3823
76.3827
76.383
76.3834
76.3838
76.3842
76.3845
76.3849
76.3853
76.3857
76.386
76.3864
76.3868
76.3871
76.3875
76.3879
76.3883
76.3886
76.389
76.3894
76.3897
76.3901
76.3905
76.3908
76.3912
76.3916
76.3919
76.3923
76.3927
76.393
76.3934
76.3938
76.3941
76.3945
76.3949
76.3952
76.3956
76.3959
76.3963
76.3967
76.397
76.3974
76.3977
76.3981
76.3985
76.3988
76.3992
76.3995
76.3999
76.4002
76.4006
76.4009
76.4013
76.4017
76.402
76.4024
76.4027
76.4031
76.4034
76.4038
76.4041
76.4045
76.4048
76.4052
76.4055
76.4059
76.4062
76.4066
76.4069
76.4072
76.4076
76.4079
76.4083
76.4086
76.409
76.4093
76.4097
76.41
76.4103
76.4107
76.411
76.4114
76.4117
76.412
76.4124
76.4127
76.4131
76.4134
76.4137
76.4141
76.4144
76.4147
76.4151
76.4154
76.4157
76.4161
76.4164
76.4167
76.4171
76.4174
76.4177
76.4181
76.4184
76.4187
76.4191
76.4194
76.4197
76.4201
76.4204
76.4207
76.421
76.4214
76.4217
76.422
76.4223
76.4227
76.423
76.4233
76.4236
76.424
76.4243
76.4246
76.4249
76.4252
76.4256
76.4259
76.4262
76.4265
76.4268
76.4272
76.4275
76.4278
76.4281
76.4284
76.4288
76.4291
76.4294
76.4297
76.43
76.4303
76.4306
76.431
76.4313
76.4316
76.4319
76.4322
76.4325
76.4328
76.4331
76.4334
76.4337
76.4341
76.4344
76.4347
76.435
76.4353
76.4356
76.4359
76.4362
76.4365
76.4368
76.4371
76.4374
76.4377
76.438
76.4383
76.4386
76.4389
76.4392
76.4395
76.4398
76.4401
76.4404
76.4407
76.441
76.4413
76.4416
76.4419
76.4422
76.4425
76.4428
76.4431
76.4434
76.4437
76.444
76.4443
76.4446
76.4448
76.4451
76.4454
76.4457
76.446
76.4463
76.4466
76.4469
76.4472
76.4474
76.4477
76.448
76.4483
76.4486
76.4489
76.4492
76.4494
76.4497
76.45
76.4503
76.4506
76.4509
76.4511
76.4514
76.4517
76.452
76.4523
76.4525
76.4528
76.4531
76.4534
76.4536
76.4539
76.4542
76.4545
76.4548
76.455
76.4553
76.4556
76.4558
76.4561
76.4564
76.4567
76.4569
76.4572
76.4575
76.4578
76.458
76.4583
76.4586
76.4588
76.4591
76.4594
76.4596
76.4599
76.4602
76.4604
76.4607
76.461
76.4612
76.4615
76.4617
76.462
76.4623
76.4625
76.4628
76.4631
76.4633
76.4636
76.4638
76.4641
76.4644
76.4646
76.4649
76.4651
76.4654
76.4656
76.4659
76.4662
76.4664
76.4667
76.4669
76.4672
76.4674
76.4677
76.4679
76.4682
76.4684
76.4687
76.4689
76.4692
76.4694
76.4697
76.4699
76.4702
76.4704
76.4707
76.4709
76.4712
76.4714
76.4716
76.4719
76.4721
76.4724
76.4726
76.4729
76.4731
76.4733
76.4736
76.4738
76.4741
76.4743
76.4746
76.4748
76.475
76.4753
76.4755
76.4757
76.476
76.4762
76.4764
76.4767
76.4769
76.4772
76.4774
76.4776
76.4779
76.4781
76.4783
76.4785
76.4788
76.479
76.4792
76.4795
76.4797
76.4799
76.4802
76.4804
76.4806
76.4808
76.4811
76.4813
76.4815
76.4817
76.482
76.4822
76.4824
76.4826
76.4829
76.4831
76.4833
76.4835
76.4837
76.484
76.4842
76.4844
76.4846
76.4848
76.4851
76.4853
76.4855
76.4857
76.4859
76.4861
76.4863
76.4866
76.4868
76.487
76.4872
76.4874
76.4876
76.4878
76.488
76.4883
76.4885
76.4887
76.4889
76.4891
76.4893
76.4895
76.4897
76.4899
76.4901
76.4903
76.4905
76.4907
76.491
76.4912
76.4914
76.4916
76.4918
76.492
76.4922
76.4924
76.4926
76.4928
76.493
76.4932
76.4934
76.4936
76.4938
76.494
76.4942
76.4944
76.4945
76.4947
76.4949
76.4951
76.4953
76.4955
76.4957
76.4959
76.4961
76.4963
76.4965
76.4967
76.4969
76.497
76.4972
76.4974
76.4976
76.4978
76.498
76.4982
76.4984
76.4985
76.4987
76.4989
76.4991
76.4993
76.4995
76.4996
76.4998
76.5
76.5002
76.5004
76.5006
76.5007
76.5009
76.5011
76.5013
76.5014
76.5016
76.5018
76.502
76.5022
76.5023
76.5025
76.5027
76.5029
76.503
76.5032
76.5034
76.5035
76.5037
76.5039
76.5041
76.5042
76.5044
76.5046
76.5047
76.5049
76.5051
76.5052
76.5054
76.5056
76.5057
76.5059
76.5061
76.5062
76.5064
76.5066
76.5067
76.5069
76.507
76.5072
76.5074
76.5075
76.5077
76.5078
76.508
76.5082
76.5083
76.5085
76.5086
76.5088
76.5089
76.5091
76.5092
76.5094
76.5096
76.5097
76.5099
76.51
76.5102
76.5103
76.5105
76.5106
76.5108
76.5109
76.5111
76.5112
76.5114
76.5115
76.5117
76.5118
76.5119
76.5121
76.5122
76.5124
76.5125
76.5127
76.5128
76.513
76.5131
76.5132
76.5134
76.5135
76.5137
76.5138
76.5139
76.5141
76.5142
76.5144
76.5145
76.5146
76.5148
76.5149
76.515
76.5152
76.5153
76.5154
76.5156
76.5157
76.5158
76.516
76.5161
76.5162
76.5163
76.5165
76.5166
76.5167
76.5169
76.517
76.5171
76.5172
76.5174
76.5175
76.5176
76.5177
76.5179
76.518
76.5181
76.5182
76.5184
76.5185
76.5186
76.5187
76.5188
76.519
76.5191
76.5192
76.5193
76.5194
76.5195
76.5197
76.5198
76.5199
76.52
76.5201
76.5202
76.5203
76.5205
76.5206
76.5207
76.5208
76.5209
76.521
76.5211
76.5212
76.5213
76.5214
76.5216
76.5217
76.5218
76.5219
76.522
76.5221
76.5222
76.5223
76.5224
76.5225
76.5226
76.5227
76.5228
76.5229
76.523
76.5231
76.5232
76.5233
76.5234
76.5235
76.5236
76.5237
76.5238
76.5239
76.524
76.5241
76.5242
76.5242
76.5243
76.5244
76.5245
76.5246
76.5247
76.5248
76.5249
76.525
76.5251
76.5251
76.5252
76.5253
76.5254
76.5255
76.5256
76.5257
76.5257
76.5258
76.5259
76.526
76.5261
76.5262
76.5262
76.5263
76.5264
76.5265
76.5266
76.5266
76.5267
76.5268
76.5269
76.5269
76.527
76.5271
76.5272
76.5272
76.5273
76.5274
76.5275
76.5275
76.5276
76.5277
76.5277
76.5278
76.5279
76.5279
76.528
76.5281
76.5281
76.5282
76.5283
76.5283
76.5284
76.5285
76.5285
76.5286
76.5287
76.5287
76.5288
76.5288
76.5289
76.529
76.529
76.5291
76.5291
76.5292
76.5293
76.5293
76.5294
76.5294
76.5295
76.5295
76.5296
76.5296
76.5297
76.5297
76.5298
76.5298
76.5299
76.5299
76.53
76.53
76.5301
76.5301
76.5302
76.5302
76.5303
76.5303
76.5304
76.5304
76.5305
76.5305
76.5305
76.5306
76.5306
76.5307
76.5307
76.5307
76.5308
76.5308
76.5309
76.5309
76.5309
76.531
76.531
76.531
76.5311
76.5311
76.5311
76.5312
76.5312
76.5312
76.5313
76.5313
76.5313
76.5314
76.5314
76.5314
76.5314
76.5315
76.5315
76.5315
76.5315
76.5316
76.5316
76.5316
76.5316
76.5317
76.5317
76.5317
76.5317
76.5317
76.5318
76.5318
76.5318
76.5318
76.5318
76.5319
76.5319
76.5319
76.5319
76.5319
76.5319
76.5319
76.532
76.532
76.532
76.532
76.532
76.532
76.532
76.532
76.532
76.532
76.532
76.532
76.5321
76.5321
76.5321
76.5321
76.5321
76.5321
76.5321
76.5321
76.5321
76.5321
76.5321
76.5321
76.5321
76.5321
76.5321
76.5321
76.5321
76.532
76.532
76.532
76.532
76.532
76.532
76.532
76.532
76.532
76.532
76.532
76.5319
76.5319
76.5319
76.5319
76.5319
76.5319
76.5319
76.5318
76.5318
76.5318
76.5318
76.5318
76.5318
76.5317
76.5317
76.5317
76.5317
76.5317
76.5316
76.5316
76.5316
76.5316
76.5315
76.5315
76.5315
76.5315
76.5314
76.5314
76.5314
76.5313
76.5313
76.5313
76.5312
76.5312
76.5312
76.5311
76.5311
76.5311
76.531
76.531
76.531
76.5309
76.5309
76.5308
76.5308
76.5308
76.5307
76.5307
76.5306
76.5306
76.5306
76.5305
76.5305
76.5304
76.5304
76.5303
76.5303
76.5302
76.5302
76.5301
76.5301
76.53
76.53
76.5299
76.5299
76.5298
76.5298
76.5297
76.5297
76.5296
76.5295
76.5295
76.5294
76.5294
76.5293
76.5292
76.5292
76.5291
76.5291
76.529
76.5289
76.5289
76.5288
76.5287
76.5287
76.5286
76.5285
76.5285
76.5284
76.5283
76.5283
76.5282
76.5281
76.528
76.528
76.5279
76.5278
76.5278
76.5277
76.5276
76.5275
76.5274
76.5274
76.5273
76.5272
76.5271
76.527
76.527
76.5269
76.5268
76.5267
76.5266
76.5265
76.5264
76.5264
76.5263
76.5262
76.5261
76.526
76.5259
76.5258
76.5257
76.5256
76.5255
76.5254
76.5254
76.5253
76.5252
76.5251
76.525
76.5249
76.5248
76.5247
76.5246
76.5245
76.5244
76.5243
76.5242
76.5241
76.5239
76.5238
76.5237
76.5236
76.5235
76.5234
76.5233
76.5232
76.5231
76.523
76.5228
76.5227
76.5226
76.5225
76.5224
76.5223
76.5222
76.522
76.5219
76.5218
76.5217
76.5216
76.5214
76.5213
76.5212
76.5211
76.5209
76.5208
76.5207
76.5206
76.5204
76.5203
76.5202
76.52
76.5199
76.5198
76.5196
76.5195
76.5194
76.5192
76.5191
76.519
76.5188
76.5187
76.5185
76.5184
76.5183
76.5181
76.518
76.5178
76.5177
76.5176
76.5174
76.5173
76.5171
76.517
76.5168
76.5167
76.5165
76.5164
76.5162
76.5161
76.5159
76.5157
76.5156
76.5154
76.5153
76.5151
76.515
76.5148
76.5146
76.5145
76.5143
76.5142
76.514
76.5138
76.5137
76.5135
76.5133
76.5132
76.513
76.5128
76.5126
76.5125
76.5123
76.5121
76.512
76.5118
76.5116
76.5114
76.5112
76.5111
76.5109
76.5107
76.5105
76.5103
76.5102
76.51
76.5098
76.5096
76.5094
76.5092
76.509
76.5089
76.5087
76.5085
76.5083
76.5081
76.5079
76.5077
76.5075
76.5073
76.5071
76.5069
76.5067
76.5065
76.5063
76.5061
76.5059
76.5057
76.5055
76.5053
76.5051
76.5049
76.5047
76.5045
76.5043
76.504
76.5038
76.5036
76.5034
76.5032
76.503
76.5028
76.5025
76.5023
76.5021
76.5019
76.5017
76.5014
76.5012
76.501
76.5008
76.5005
76.5003
76.5001
76.4998
76.4996
76.4994
76.4991
76.4989
76.4987
76.4984
76.4982
76.498
76.4977
76.4975
76.4972
76.497
76.4968
76.4965
76.4963
76.496
76.4958
76.4955
76.4953
76.495
76.4948
76.4945
76.4943
76.494
76.4938
76.4935
76.4933
76.493
76.4927
76.4925
76.4922
76.492
76.4917
76.4914
76.4912
76.4909
76.4906
76.4904
76.4901
76.4898
76.4895
76.4893
76.489
76.4887
76.4884
76.4882
76.4879
76.4876
76.4873
76.487
76.4868
76.4865
76.4862
76.4859
76.4856
76.4853
76.485
76.4847
76.4844
76.4841
76.4839
76.4836
76.4833
76.483
76.4827
76.4824
76.4821
76.4818
76.4815
76.4811
76.4808
76.4805
76.4802
76.4799
76.4796
76.4793
76.479
76.4787
76.4783
76.478
76.4777
76.4774
76.4771
76.4767
76.4764
76.4761
76.4758
76.4754
76.4751
76.4748
76.4744
76.4741
76.4738
76.4734
76.4731
76.4728
76.4724
76.4721
76.4717
76.4714
76.4711
76.4707
76.4704
76.47
76.4697
76.4693
76.469
76.4686
76.4683
76.4679
76.4675
76.4672
76.4668
76.4665
76.4661
76.4657
76.4654
76.465
76.4646
76.4643
76.4639
76.4635
76.4631
76.4628
76.4624
76.462
76.4616
76.4613
76.4609
76.4605
76.4601
76.4597
76.4593
76.4589
76.4585
76.4582
76.4578
76.4574
76.457
76.4566
76.4562
76.4558
76.4554
76.455
76.4545
76.4541
76.4537
76.4533
76.4529
76.4525
76.4521
76.4517
76.4512
76.4508
76.4504
76.45
76.4495
76.4491
76.4487
76.4483
76.4478
76.4474
76.447
76.4465
76.4461
76.4456
76.4452
76.4448
76.4443
76.4439
76.4434
76.443
76.4425
76.4421
76.4416
76.4412
76.4407
76.4402
76.4398
76.4393
76.4388
76.4384
76.4379
76.4374
76.437
76.4365
76.436
76.4355
76.4351
76.4346
76.4341
76.4336
76.4331
76.4326
76.4321
76.4317
76.4312
76.4307
76.4302
76.4297
76.4292
76.4287
76.4282
76.4276
76.4271
76.4266
76.4261
76.4256
76.4251
76.4246
76.424
76.4235
76.423
76.4225
76.4219
76.4214
76.4209
76.4203
76.4198
76.4193
76.4187
76.4182
76.4176
76.4171
76.4165
76.416
76.4154
76.4149
76.4143
76.4137
76.4132
76.4126
76.412
76.4115
76.4109
76.4103
76.4097
76.4092
76.4086
76.408
76.4074
76.4068
76.4062
76.4056
76.405
76.4044
76.4038
76.4032
76.4026
76.402
76.4014
76.4008
76.4002
76.3996
76.399
76.3983
76.3977
76.3971
76.3965
76.3958
76.3952
76.3946
76.3939
76.3933
76.3926
76.392
76.3913
76.3907
76.39
76.3894
76.3887
76.388
76.3874
76.3867
76.386
76.3854
76.3847
76.384
76.3833
76.3826
76.3819
76.3812
76.3805
76.3798
76.3791
76.3784
76.3777
76.377
76.3763
76.3756
76.3749
76.3742
76.3734
76.3727
76.372
76.3712
76.3705
76.3698
76.369
76.3683
76.3675
76.3668
76.366
76.3652
76.3645
76.3637
76.3629
76.3622
76.3614
76.3606
76.3598
76.359
76.3583
76.3575
76.3567
76.3559
76.3551
76.3542
76.3534
76.3526
76.3518
76.351
76.3501
76.3493
76.3485
76.3476
76.3468
76.3459
76.3451
76.3442
76.3434
76.3425
76.3417
76.3408
76.3399
76.339
76.3381
76.3373
76.3364
76.3355
76.3346
76.3337
76.3328
76.3318
76.3309
76.33
76.3291
76.3281
76.3272
76.3263
76.3253
76.3244
76.3234
76.3225
76.3215
76.3205
76.3196
76.3186
76.3176
76.3166
76.3156
76.3146
76.3136
76.3126
76.3116
76.3106
76.3095
76.3085
76.3075
76.3064
76.3054
76.3043
76.3033
76.3022
76.3012
76.3001
76.299
76.2979
76.2968
76.2957
76.2946
76.2935
76.2924
76.2913
76.2901
76.289
76.2879
76.2867
76.2856
76.2844
76.2832
76.2821
76.2809
76.2797
76.2785
76.2773
76.2761
76.2749
76.2737
76.2724
76.2712
76.2699
76.2687
76.2674
76.2662
76.2649
76.2636
76.2623
76.261
76.2597
76.2584
76.2571
76.2558
76.2544
76.2531
76.2517
76.2503
76.249
76.2476
76.2462
76.2448
76.2434
76.242
76.2405
76.2391
76.2377
76.2362
76.2347
76.2333
76.2318
76.2303
76.2288
76.2273
76.2257
76.2242
76.2226
76.2211
76.2195
76.2179
76.2163
76.2147
76.2131
76.2115
76.2098
76.2082
76.2065
76.2048
76.2031
76.2014
76.1997
76.198
76.1962
76.1945
76.1927
76.1909
76.1891
76.1873
76.1855
76.1836
76.1817
76.1799
76.178
76.1761
76.1741
76.1722
76.1702
76.1683
76.1663
76.1643
76.1622
76.1602
76.1581
76.156
76.1539
76.1518
76.1497
76.1475
76.1453
76.1431
76.1409
76.1387
76.1364
76.1341
76.1318
76.1294
76.1271
76.1247
76.1223
76.1198
76.1174
76.1149
76.1124
76.1098
76.1073
76.1047
76.102
76.0994
76.0967
76.094
76.0912
76.0884
76.0856
76.0828
76.0799
76.077
76.074
76.071
76.068
76.0649
76.0618
76.0586
76.0554
76.0522
76.0489
76.0456
76.0422
76.0388
76.0353
76.0318
76.0282
76.0245
76.0208
76.0171
76.0133
76.0094
76.0055
76.0015
75.9974
75.9933
75.989
75.9848
75.9804
75.9759
75.9714
75.9668
75.9621
75.9573
75.9524
75.9474
75.9423
75.9371
75.9318
75.9263
75.9208
75.9151
75.9092
75.9033
75.8971
75.8908
75.8844
75.8778
75.871
75.864
75.8568
75.8493
75.8417
75.8338
75.8256
75.8172
75.8084
75.7994
75.79
75.7802
75.77
75.7594
75.7483
75.7367
75.7245
75.7117
75.6982
75.684
75.6688
75.6527
75.6355
75.6171
75.5971
75.5755
75.5518
75.5257
75.4965
75.4636
75.4258
75.3814
75.3277
75.2596
75.167
75.022
74.6656
76.0607
76.3
76.4172
76.4953
76.5539
76.6007
76.6398
76.6732
76.7024
76.7283
76.7517
76.7729
76.7923
76.8102
76.8268
76.8423
76.8568
76.8704
76.8833
76.8954
76.907
76.918
76.9285
76.9386
76.9482
76.9574
76.9662
76.9748
76.983
76.9909
76.9986
77.006
77.0131
77.0201
77.0268
77.0334
77.0397
77.0459
77.0519
77.0578
77.0635
77.0691
77.0745
77.0798
77.085
77.0901
77.095
77.0998
77.1046
77.1092
77.1138
77.1182
77.1226
77.1269
77.1311
77.1352
77.1392
77.1432
77.1471
77.151
77.1547
77.1584
77.1621
77.1657
77.1692
77.1727
77.1761
77.1794
77.1827
77.186
77.1892
77.1924
77.1955
77.1986
77.2016
77.2046
77.2076
77.2105
77.2134
77.2162
77.219
77.2218
77.2245
77.2272
77.2299
77.2325
77.2351
77.2377
77.2402
77.2427
77.2452
77.2476
77.25
77.2524
77.2548
77.2571
77.2595
77.2618
77.264
77.2663
77.2685
77.2707
77.2729
77.275
77.2771
77.2792
77.2813
77.2834
77.2854
77.2875
77.2895
77.2915
77.2934
77.2954
77.2973
77.2992
77.3011
77.303
77.3049
77.3067
77.3086
77.3104
77.3122
77.314
77.3157
77.3175
77.3192
77.321
77.3227
77.3244
77.326
77.3277
77.3294
77.331
77.3326
77.3343
77.3359
77.3374
77.339
77.3406
77.3421
77.3437
77.3452
77.3467
77.3482
77.3497
77.3512
77.3527
77.3542
77.3556
77.3571
77.3585
77.3599
77.3613
77.3627
77.3641
77.3655
77.3669
77.3682
77.3696
77.3709
77.3723
77.3736
77.3749
77.3762
77.3775
77.3788
77.3801
77.3814
77.3826
77.3839
77.3851
77.3864
77.3876
77.3888
77.3901
77.3913
77.3925
77.3937
77.3949
77.396
77.3972
77.3984
77.3995
77.4007
77.4018
77.403
77.4041
77.4052
77.4063
77.4075
77.4086
77.4097
77.4108
77.4118
77.4129
77.414
77.4151
77.4161
77.4172
77.4182
77.4193
77.4203
77.4213
77.4224
77.4234
77.4244
77.4254
77.4264
77.4274
77.4284
77.4294
77.4304
77.4313
77.4323
77.4333
77.4342
77.4352
77.4361
77.4371
77.438
77.439
77.4399
77.4408
77.4417
77.4427
77.4436
77.4445
77.4454
77.4463
77.4472
77.4481
77.4489
77.4498
77.4507
77.4516
77.4524
77.4533
77.4541
77.455
77.4558
77.4567
77.4575
77.4584
77.4592
77.46
77.4609
77.4617
77.4625
77.4633
77.4641
77.4649
77.4657
77.4665
77.4673
77.4681
77.4689
77.4697
77.4704
77.4712
77.472
77.4728
77.4735
77.4743
77.475
77.4758
77.4765
77.4773
77.478
77.4788
77.4795
77.4802
77.481
77.4817
77.4824
77.4831
77.4838
77.4846
77.4853
77.486
77.4867
77.4874
77.4881
77.4888
77.4895
77.4901
77.4908
77.4915
77.4922
77.4929
77.4935
77.4942
77.4949
77.4955
77.4962
77.4969
77.4975
77.4982
77.4988
77.4995
77.5001
77.5007
77.5014
77.502
77.5027
77.5033
77.5039
77.5045
77.5052
77.5058
77.5064
77.507
77.5076
77.5082
77.5088
77.5094
77.51
77.5106
77.5112
77.5118
77.5124
77.513
77.5136
77.5142
77.5148
77.5153
77.5159
77.5165
77.5171
77.5176
77.5182
77.5188
77.5193
77.5199
77.5205
77.521
77.5216
77.5221
77.5227
77.5232
77.5238
77.5243
77.5248
77.5254
77.5259
77.5264
77.527
77.5275
77.528
77.5286
77.5291
77.5296
77.5301
77.5306
77.5311
77.5317
77.5322
77.5327
77.5332
77.5337
77.5342
77.5347
77.5352
77.5357
77.5362
77.5367
77.5372
77.5376
77.5381
77.5386
77.5391
77.5396
77.5401
77.5405
77.541
77.5415
77.542
77.5424
77.5429
77.5434
77.5438
77.5443
77.5447
77.5452
77.5457
77.5461
77.5466
77.547
77.5475
77.5479
77.5484
77.5488
77.5492
77.5497
77.5501
77.5506
77.551
77.5514
77.5519
77.5523
77.5527
77.5532
77.5536
77.554
77.5544
77.5548
77.5553
77.5557
77.5561
77.5565
77.5569
77.5573
77.5577
77.5581
77.5585
77.559
77.5594
77.5598
77.5602
77.5606
77.561
77.5613
77.5617
77.5621
77.5625
77.5629
77.5633
77.5637
77.5641
77.5644
77.5648
77.5652
77.5656
77.566
77.5663
77.5667
77.5671
77.5675
77.5678
77.5682
77.5686
77.5689
77.5693
77.5696
77.57
77.5704
77.5707
77.5711
77.5714
77.5718
77.5721
77.5725
77.5728
77.5732
77.5735
77.5739
77.5742
77.5746
77.5749
77.5753
77.5756
77.5759
77.5763
77.5766
77.5769
77.5773
77.5776
77.5779
77.5783
77.5786
77.5789
77.5792
77.5796
77.5799
77.5802
77.5805
77.5808
77.5811
77.5815
77.5818
77.5821
77.5824
77.5827
77.583
77.5833
77.5836
77.5839
77.5842
77.5845
77.5848
77.5851
77.5854
77.5857
77.586
77.5863
77.5866
77.5869
77.5872
77.5875
77.5878
77.5881
77.5884
77.5887
77.5889
77.5892
77.5895
77.5898
77.5901
77.5903
77.5906
77.5909
77.5912
77.5915
77.5917
77.592
77.5923
77.5925
77.5928
77.5931
77.5933
77.5936
77.5939
77.5941
77.5944
77.5947
77.5949
77.5952
77.5954
77.5957
77.5959
77.5962
77.5965
77.5967
77.597
77.5972
77.5975
77.5977
77.598
77.5982
77.5984
77.5987
77.5989
77.5992
77.5994
77.5997
77.5999
77.6001
77.6004
77.6006
77.6008
77.6011
77.6013
77.6015
77.6018
77.602
77.6022
77.6025
77.6027
77.6029
77.6031
77.6034
77.6036
77.6038
77.604
77.6042
77.6045
77.6047
77.6049
77.6051
77.6053
77.6055
77.6057
77.606
77.6062
77.6064
77.6066
77.6068
77.607
77.6072
77.6074
77.6076
77.6078
77.608
77.6082
77.6084
77.6086
77.6088
77.609
77.6092
77.6094
77.6096
77.6098
77.61
77.6102
77.6104
77.6106
77.6108
77.6109
77.6111
77.6113
77.6115
77.6117
77.6119
77.6121
77.6122
77.6124
77.6126
77.6128
77.613
77.6131
77.6133
77.6135
77.6137
77.6138
77.614
77.6142
77.6143
77.6145
77.6147
77.6149
77.615
77.6152
77.6154
77.6155
77.6157
77.6158
77.616
77.6162
77.6163
77.6165
77.6167
77.6168
77.617
77.6171
77.6173
77.6174
77.6176
77.6177
77.6179
77.618
77.6182
77.6183
77.6185
77.6186
77.6188
77.6189
77.6191
77.6192
77.6194
77.6195
77.6197
77.6198
77.6199
77.6201
77.6202
77.6204
77.6205
77.6206
77.6208
77.6209
77.621
77.6212
77.6213
77.6214
77.6216
77.6217
77.6218
77.622
77.6221
77.6222
77.6223
77.6225
77.6226
77.6227
77.6228
77.623
77.6231
77.6232
77.6233
77.6234
77.6236
77.6237
77.6238
77.6239
77.624
77.6241
77.6243
77.6244
77.6245
77.6246
77.6247
77.6248
77.6249
77.625
77.6251
77.6253
77.6254
77.6255
77.6256
77.6257
77.6258
77.6259
77.626
77.6261
77.6262
77.6263
77.6264
77.6265
77.6266
77.6267
77.6268
77.6269
77.627
77.6271
77.6272
77.6272
77.6273
77.6274
77.6275
77.6276
77.6277
77.6278
77.6279
77.628
77.628
77.6281
77.6282
77.6283
77.6284
77.6285
77.6285
77.6286
77.6287
77.6288
77.6289
77.6289
77.629
77.6291
77.6292
77.6293
77.6293
77.6294
77.6295
77.6295
77.6296
77.6297
77.6298
77.6298
77.6299
77.63
77.63
77.6301
77.6302
77.6302
77.6303
77.6304
77.6304
77.6305
77.6306
77.6306
77.6307
77.6307
77.6308
77.6309
77.6309
77.631
77.631
77.6311
77.6311
77.6312
77.6312
77.6313
77.6314
77.6314
77.6315
77.6315
77.6316
77.6316
77.6317
77.6317
77.6318
77.6318
77.6318
77.6319
77.6319
77.632
77.632
77.6321
77.6321
77.6322
77.6322
77.6322
77.6323
77.6323
77.6324
77.6324
77.6324
77.6325
77.6325
77.6325
77.6326
77.6326
77.6326
77.6327
77.6327
77.6327
77.6328
77.6328
77.6328
77.6329
77.6329
77.6329
77.6329
77.633
77.633
77.633
77.633
77.6331
77.6331
77.6331
77.6331
77.6331
77.6332
77.6332
77.6332
77.6332
77.6332
77.6333
77.6333
77.6333
77.6333
77.6333
77.6333
77.6334
77.6334
77.6334
77.6334
77.6334
77.6334
77.6334
77.6334
77.6334
77.6335
77.6335
77.6335
77.6335
77.6335
77.6335
77.6335
77.6335
77.6335
77.6335
77.6335
77.6335
77.6335
77.6335
77.6335
77.6335
77.6335
77.6335
77.6335
77.6335
77.6335
77.6335
77.6335
77.6335
77.6335
77.6335
77.6335
77.6334
77.6334
77.6334
77.6334
77.6334
77.6334
77.6334
77.6334
77.6334
77.6333
77.6333
77.6333
77.6333
77.6333
77.6333
77.6333
77.6332
77.6332
77.6332
77.6332
77.6332
77.6331
77.6331
77.6331
77.6331
77.6331
77.633
77.633
77.633
77.633
77.6329
77.6329
77.6329
77.6329
77.6328
77.6328
77.6328
77.6327
77.6327
77.6327
77.6326
77.6326
77.6326
77.6325
77.6325
77.6325
77.6324
77.6324
77.6324
77.6323
77.6323
77.6323
77.6322
77.6322
77.6321
77.6321
77.6321
77.632
77.632
77.6319
77.6319
77.6319
77.6318
77.6318
77.6317
77.6317
77.6316
77.6316
77.6315
77.6315
77.6314
77.6314
77.6313
77.6313
77.6312
77.6312
77.6311
77.6311
77.631
77.631
77.6309
77.6309
77.6308
77.6308
77.6307
77.6307
77.6306
77.6305
77.6305
77.6304
77.6304
77.6303
77.6302
77.6302
77.6301
77.6301
77.63
77.6299
77.6299
77.6298
77.6297
77.6297
77.6296
77.6295
77.6295
77.6294
77.6293
77.6293
77.6292
77.6291
77.6291
77.629
77.6289
77.6289
77.6288
77.6287
77.6286
77.6286
77.6285
77.6284
77.6283
77.6283
77.6282
77.6281
77.628
77.628
77.6279
77.6278
77.6277
77.6276
77.6276
77.6275
77.6274
77.6273
77.6272
77.6271
77.6271
77.627
77.6269
77.6268
77.6267
77.6266
77.6265
77.6265
77.6264
77.6263
77.6262
77.6261
77.626
77.6259
77.6258
77.6257
77.6257
77.6256
77.6255
77.6254
77.6253
77.6252
77.6251
77.625
77.6249
77.6248
77.6247
77.6246
77.6245
77.6244
77.6243
77.6242
77.6241
77.624
77.6239
77.6238
77.6237
77.6236
77.6235
77.6234
77.6233
77.6232
77.6231
77.623
77.6229
77.6228
77.6226
77.6225
77.6224
77.6223
77.6222
77.6221
77.622
77.6219
77.6218
77.6217
77.6215
77.6214
77.6213
77.6212
77.6211
77.621
77.6209
77.6207
77.6206
77.6205
77.6204
77.6203
77.6201
77.62
77.6199
77.6198
77.6197
77.6195
77.6194
77.6193
77.6192
77.6191
77.6189
77.6188
77.6187
77.6186
77.6184
77.6183
77.6182
77.618
77.6179
77.6178
77.6177
77.6175
77.6174
77.6173
77.6171
77.617
77.6169
77.6167
77.6166
77.6165
77.6163
77.6162
77.6161
77.6159
77.6158
77.6157
77.6155
77.6154
77.6153
77.6151
77.615
77.6148
77.6147
77.6146
77.6144
77.6143
77.6141
77.614
77.6138
77.6137
77.6136
77.6134
77.6133
77.6131
77.613
77.6128
77.6127
77.6125
77.6124
77.6122
77.6121
77.6119
77.6118
77.6116
77.6115
77.6113
77.6112
77.611
77.6109
77.6107
77.6106
77.6104
77.6103
77.6101
77.61
77.6098
77.6096
77.6095
77.6093
77.6092
77.609
77.6089
77.6087
77.6085
77.6084
77.6082
77.6081
77.6079
77.6077
77.6076
77.6074
77.6072
77.6071
77.6069
77.6067
77.6066
77.6064
77.6062
77.6061
77.6059
77.6057
77.6056
77.6054
77.6052
77.6051
77.6049
77.6047
77.6046
77.6044
77.6042
77.604
77.6039
77.6037
77.6035
77.6033
77.6032
77.603
77.6028
77.6026
77.6025
77.6023
77.6021
77.6019
77.6017
77.6016
77.6014
77.6012
77.601
77.6008
77.6007
77.6005
77.6003
77.6001
77.5999
77.5997
77.5996
77.5994
77.5992
77.599
77.5988
77.5986
77.5984
77.5982
77.5981
77.5979
77.5977
77.5975
77.5973
77.5971
77.5969
77.5967
77.5965
77.5963
77.5961
77.5959
77.5957
77.5956
77.5954
77.5952
77.595
77.5948
77.5946
77.5944
77.5942
77.594
77.5938
77.5936
77.5934
77.5932
77.593
77.5928
77.5926
77.5924
77.5922
77.592
77.5918
77.5916
77.5914
77.5911
77.5909
77.5907
77.5905
77.5903
77.5901
77.5899
77.5897
77.5895
77.5893
77.5891
77.5889
77.5886
77.5884
77.5882
77.588
77.5878
77.5876
77.5874
77.5872
77.5869
77.5867
77.5865
77.5863
77.5861
77.5859
77.5856
77.5854
77.5852
77.585
77.5848
77.5845
77.5843
77.5841
77.5839
77.5837
77.5834
77.5832
77.583
77.5828
77.5825
77.5823
77.5821
77.5819
77.5816
77.5814
77.5812
77.581
77.5807
77.5805
77.5803
77.5801
77.5798
77.5796
77.5794
77.5791
77.5789
77.5787
77.5784
77.5782
77.578
77.5777
77.5775
77.5773
77.577
77.5768
77.5766
77.5763
77.5761
77.5758
77.5756
77.5754
77.5751
77.5749
77.5747
77.5744
77.5742
77.5739
77.5737
77.5734
77.5732
77.573
77.5727
77.5725
77.5722
77.572
77.5717
77.5715
77.5712
77.571
77.5708
77.5705
77.5703
77.57
77.5698
77.5695
77.5693
77.569
77.5688
77.5685
77.5683
77.568
77.5677
77.5675
77.5672
77.567
77.5667
77.5665
77.5662
77.566
77.5657
77.5655
77.5652
77.5649
77.5647
77.5644
77.5642
77.5639
77.5636
77.5634
77.5631
77.5629
77.5626
77.5623
77.5621
77.5618
77.5615
77.5613
77.561
77.5608
77.5605
77.5602
77.56
77.5597
77.5594
77.5592
77.5589
77.5586
77.5583
77.5581
77.5578
77.5575
77.5573
77.557
77.5567
77.5564
77.5562
77.5559
77.5556
77.5554
77.5551
77.5548
77.5545
77.5543
77.554
77.5537
77.5534
77.5531
77.5529
77.5526
77.5523
77.552
77.5517
77.5515
77.5512
77.5509
77.5506
77.5503
77.5501
77.5498
77.5495
77.5492
77.5489
77.5486
77.5483
77.5481
77.5478
77.5475
77.5472
77.5469
77.5466
77.5463
77.546
77.5458
77.5455
77.5452
77.5449
77.5446
77.5443
77.544
77.5437
77.5434
77.5431
77.5428
77.5425
77.5422
77.5419
77.5416
77.5414
77.5411
77.5408
77.5405
77.5402
77.5399
77.5396
77.5393
77.539
77.5387
77.5384
77.5381
77.5378
77.5375
77.5372
77.5368
77.5365
77.5362
77.5359
77.5356
77.5353
77.535
77.5347
77.5344
77.5341
77.5338
77.5335
77.5332
77.5329
77.5326
77.5322
77.5319
77.5316
77.5313
77.531
77.5307
77.5304
77.5301
77.5297
77.5294
77.5291
77.5288
77.5285
77.5282
77.5279
77.5275
77.5272
77.5269
77.5266
77.5263
77.5259
77.5256
77.5253
77.525
77.5247
77.5243
77.524
77.5237
77.5234
77.523
77.5227
77.5224
77.5221
77.5217
77.5214
77.5211
77.5208
77.5204
77.5201
77.5198
77.5195
77.5191
77.5188
77.5185
77.5181
77.5178
77.5175
77.5171
77.5168
77.5165
77.5161
77.5158
77.5155
77.5151
77.5148
77.5145
77.5141
77.5138
77.5135
77.5131
77.5128
77.5125
77.5121
77.5118
77.5114
77.5111
77.5108
77.5104
77.5101
77.5097
77.5094
77.509
77.5087
77.5084
77.508
77.5077
77.5073
77.507
77.5066
77.5063
77.5059
77.5056
77.5053
77.5049
77.5046
77.5042
77.5039
77.5035
77.5032
77.5028
77.5025
77.5021
77.5017
77.5014
77.501
77.5007
77.5003
77.5
77.4996
77.4993
77.4989
77.4986
77.4982
77.4978
77.4975
77.4971
77.4968
77.4964
77.4961
77.4957
77.4953
77.495
77.4946
77.4942
77.4939
77.4935
77.4932
77.4928
77.4924
77.4921
77.4917
77.4913
77.491
77.4906
77.4902
77.4899
77.4895
77.4891
77.4888
77.4884
77.488
77.4877
77.4873
77.4869
77.4865
77.4862
77.4858
77.4854
77.4851
77.4847
77.4843
77.4839
77.4836
77.4832
77.4828
77.4824
77.4821
77.4817
77.4813
77.4809
77.4805
77.4802
77.4798
77.4794
77.479
77.4786
77.4783
77.4779
77.4775
77.4771
77.4767
77.4764
77.476
77.4756
77.4752
77.4748
77.4744
77.474
77.4737
77.4733
77.4729
77.4725
77.4721
77.4717
77.4713
77.4709
77.4705
77.4701
77.4698
77.4694
77.469
77.4686
77.4682
77.4678
77.4674
77.467
77.4666
77.4662
77.4658
77.4654
77.465
77.4646
77.4642
77.4638
77.4634
77.463
77.4626
77.4622
77.4618
77.4614
77.461
77.4606
77.4602
77.4598
77.4594
77.459
77.4586
77.4582
77.4578
77.4574
77.457
77.4566
77.4562
77.4558
77.4554
77.455
77.4545
77.4541
77.4537
77.4533
77.4529
77.4525
77.4521
77.4517
77.4513
77.4508
77.4504
77.45
77.4496
77.4492
77.4488
77.4484
77.4479
77.4475
77.4471
77.4467
77.4463
77.4458
77.4454
77.445
77.4446
77.4442
77.4437
77.4433
77.4429
77.4425
77.4421
77.4416
77.4412
77.4408
77.4404
77.4399
77.4395
77.4391
77.4387
77.4382
77.4378
77.4374
77.437
77.4365
77.4361
77.4357
77.4352
77.4348
77.4344
77.4339
77.4335
77.4331
77.4326
77.4322
77.4318
77.4313
77.4309
77.4305
77.43
77.4296
77.4292
77.4287
77.4283
77.4278
77.4274
77.427
77.4265
77.4261
77.4257
77.4252
77.4248
77.4243
77.4239
77.4234
77.423
77.4226
77.4221
77.4217
77.4212
77.4208
77.4203
77.4199
77.4194
77.419
77.4185
77.4181
77.4176
77.4172
77.4167
77.4163
77.4158
77.4154
77.4149
77.4145
77.414
77.4136
77.4131
77.4127
77.4122
77.4118
77.4113
77.4109
77.4104
77.4099
77.4095
77.409
77.4086
77.4081
77.4076
77.4072
77.4067
77.4063
77.4058
77.4053
77.4049
77.4044
77.404
77.4035
77.403
77.4026
77.4021
77.4016
77.4012
77.4007
77.4002
77.3998
77.3993
77.3988
77.3984
77.3979
77.3974
77.397
77.3965
77.396
77.3955
77.3951
77.3946
77.3941
77.3937
77.3932
77.3927
77.3922
77.3918
77.3913
77.3908
77.3903
77.3898
77.3894
77.3889
77.3884
77.3879
77.3875
77.387
77.3865
77.386
77.3855
77.3851
77.3846
77.3841
77.3836
77.3831
77.3826
77.3821
77.3817
77.3812
77.3807
77.3802
77.3797
77.3792
77.3787
77.3783
77.3778
77.3773
77.3768
77.3763
77.3758
77.3753
77.3748
77.3743
77.3738
77.3733
77.3728
77.3724
77.3719
77.3714
77.3709
77.3704
77.3699
77.3694
77.3689
77.3684
77.3679
77.3674
77.3669
77.3664
77.3659
77.3654
77.3649
77.3644
77.3639
77.3634
77.3629
77.3624
77.3619
77.3614
77.3608
77.3603
77.3598
77.3593
77.3588
77.3583
77.3578
77.3573
77.3568
77.3563
77.3558
77.3553
77.3547
77.3542
77.3537
77.3532
77.3527
77.3522
77.3517
77.3512
77.3506
77.3501
77.3496
77.3491
77.3486
77.3481
77.3475
77.347
77.3465
77.346
77.3455
77.3449
77.3444
77.3439
77.3434
77.3429
77.3423
77.3418
77.3413
77.3408
77.3402
77.3397
77.3392
77.3387
77.3381
77.3376
77.3371
77.3365
77.336
77.3355
77.335
77.3344
77.3339
77.3334
77.3328
77.3323
77.3318
77.3312
77.3307
77.3302
77.3296
77.3291
77.3286
77.328
77.3275
77.327
77.3264
77.3259
77.3253
77.3248
77.3243
77.3237
77.3232
77.3226
77.3221
77.3216
77.321
77.3205
77.3199
77.3194
77.3188
77.3183
77.3178
77.3172
77.3167
77.3161
77.3156
77.315
77.3145
77.3139
77.3134
77.3128
77.3123
77.3117
77.3112
77.3106
77.3101
77.3095
77.309
77.3084
77.3078
77.3073
77.3067
77.3062
77.3056
77.3051
77.3045
77.304
77.3034
77.3028
77.3023
77.3017
77.3012
77.3006
77.3
77.2995
77.2989
77.2983
77.2978
77.2972
77.2967
77.2961
77.2955
77.295
77.2944
77.2938
77.2933
77.2927
77.2921
77.2916
77.291
77.2904
77.2898
77.2893
77.2887
77.2881
77.2876
77.287
77.2864
77.2858
77.2853
77.2847
77.2841
77.2835
77.283
77.2824
77.2818
77.2812
77.2806
77.2801
77.2795
77.2789
77.2783
77.2777
77.2772
77.2766
77.276
77.2754
77.2748
77.2742
77.2737
77.2731
77.2725
77.2719
77.2713
77.2707
77.2701
77.2696
77.269
77.2684
77.2678
77.2672
77.2666
77.266
77.2654
77.2648
77.2642
77.2636
77.2631
77.2625
77.2619
77.2613
77.2607
77.2601
77.2595
77.2589
77.2583
77.2577
77.2571
77.2565
77.2559
77.2553
77.2547
77.2541
77.2535
77.2529
77.2523
77.2517
77.2511
77.2505
77.2499
77.2493
77.2486
77.248
77.2474
77.2468
77.2462
77.2456
77.245
77.2444
77.2438
77.2432
77.2426
77.2419
77.2413
77.2407
77.2401
77.2395
77.2389
77.2383
77.2376
77.237
77.2364
77.2358
77.2352
77.2346
77.2339
77.2333
77.2327
77.2321
77.2315
77.2308
77.2302
77.2296
77.229
77.2284
77.2277
77.2271
77.2265
77.2259
77.2252
77.2246
77.224
77.2233
77.2227
77.2221
77.2215
77.2208
77.2202
77.2196
77.2189
77.2183
77.2177
77.217
77.2164
77.2158
77.2151
77.2145
77.2139
77.2132
77.2126
77.212
77.2113
77.2107
77.21
77.2094
77.2088
77.2081
77.2075
77.2068
77.2062
77.2056
77.2049
77.2043
77.2036
77.203
77.2023
77.2017
77.201
77.2004
77.1998
77.1991
77.1985
77.1978
77.1972
77.1965
77.1959
77.1952
77.1946
77.1939
77.1933
77.1926
77.1919
77.1913
77.1906
77.19
77.1893
77.1887
77.188
77.1874
77.1867
77.186
77.1854
77.1847
77.1841
77.1834
77.1827
77.1821
77.1814
77.1808
77.1801
77.1794
77.1788
77.1781
77.1774
77.1768
77.1761
77.1754
77.1748
77.1741
77.1734
77.1728
77.1721
77.1714
77.1707
77.1701
77.1694
77.1687
77.1681
77.1674
77.1667
77.166
77.1654
77.1647
77.164
77.1633
77.1627
77.162
77.1613
77.1606
77.1599
77.1593
77.1586
77.1579
77.1572
77.1565
77.1558
77.1552
77.1545
77.1538
77.1531
77.1524
77.1517
77.151
77.1504
77.1497
77.149
77.1483
77.1476
77.1469
77.1462
77.1455
77.1448
77.1441
77.1435
77.1428
77.1421
77.1414
77.1407
77.14
77.1393
77.1386
77.1379
77.1372
77.1365
77.1358
77.1351
77.1344
77.1337
77.133
77.1323
77.1316
77.1309
77.1302
77.1295
77.1288
77.1281
77.1274
77.1267
77.1259
77.1252
77.1245
77.1238
77.1231
77.1224
77.1217
77.121
77.1203
77.1196
77.1188
77.1181
77.1174
77.1167
77.116
77.1153
77.1146
77.1138
77.1131
77.1124
77.1117
77.111
77.1102
77.1095
77.1088
77.1081
77.1074
77.1066
77.1059
77.1052
77.1045
77.1037
77.103
77.1023
77.1016
77.1008
77.1001
77.0994
77.0987
77.0979
77.0972
77.0965
77.0957
77.095
77.0943
77.0935
77.0928
77.0921
77.0913
77.0906
77.0899
77.0891
77.0884
77.0877
77.0869
77.0862
77.0854
77.0847
77.084
77.0832
77.0825
77.0817
77.081
77.0803
77.0795
77.0788
77.078
77.0773
77.0765
77.0758
77.075
77.0743
77.0735
77.0728
77.072
77.0713
77.0705
77.0698
77.069
77.0683
77.0675
77.0668
77.066
77.0653
77.0645
77.0638
77.063
77.0622
77.0615
77.0607
77.06
77.0592
77.0584
77.0577
77.0569
77.0562
77.0554
77.0546
77.0539
77.0531
77.0523
77.0516
77.0508
77.05
77.0493
77.0485
77.0477
77.047
77.0462
77.0454
77.0447
77.0439
77.0431
77.0423
77.0416
77.0408
77.04
77.0392
77.0385
77.0377
77.0369
77.0361
77.0354
77.0346
77.0338
77.033
77.0322
77.0315
77.0307
77.0299
77.0291
77.0283
77.0275
77.0268
77.026
77.0252
77.0244
77.0236
77.0228
77.022
77.0213
77.0205
77.0197
77.0189
77.0181
77.0173
77.0165
77.0157
77.0149
77.0141
77.0133
77.0125
77.0117
77.0109
77.0101
77.0093
77.0085
77.0077
77.0069
77.0061
77.0053
77.0045
77.0037
77.0029
77.0021
77.0013
77.0005
76.9997
76.9989
76.9981
76.9973
76.9965
76.9957
76.9949
76.9941
76.9932
76.9924
76.9916
76.9908
76.99
76.9892
76.9884
76.9876
76.9867
76.9859
76.9851
76.9843
76.9835
76.9827
76.9818
76.981
76.9802
76.9794
76.9786
76.9777
76.9769
76.9761
76.9753
76.9744
76.9736
76.9728
76.972
76.9711
76.9703
76.9695
76.9686
76.9678
76.967
76.9661
76.9653
76.9645
76.9637
76.9628
76.962
76.9611
76.9603
76.9595
76.9586
76.9578
76.957
76.9561
76.9553
76.9544
76.9536
76.9528
76.9519
76.9511
76.9502
76.9494
76.9485
76.9477
76.9469
76.946
76.9452
76.9443
76.9435
76.9426
76.9418
76.9409
76.9401
76.9392
76.9384
76.9375
76.9366
76.9358
76.9349
76.9341
76.9332
76.9324
76.9315
76.9307
76.9298
76.9289
76.9281
76.9272
76.9264
76.9255
76.9246
76.9238
76.9229
76.922
76.9212
76.9203
76.9194
76.9186
76.9177
76.9168
76.916
76.9151
76.9142
76.9133
76.9125
76.9116
76.9107
76.9099
76.909
76.9081
76.9072
76.9064
76.9055
76.9046
76.9037
76.9028
76.902
76.9011
76.9002
76.8993
76.8984
76.8975
76.8967
76.8958
76.8949
76.894
76.8931
76.8922
76.8913
76.8905
76.8896
76.8887
76.8878
76.8869
76.886
76.8851
76.8842
76.8833
76.8824
76.8815
76.8806
76.8797
76.8788
76.8779
76.877
76.8761
76.8752
76.8743
76.8734
76.8725
76.8716
76.8707
76.8698
76.8689
76.868
76.8671
76.8662
76.8653
76.8644
76.8635
76.8626
76.8617
76.8607
76.8598
76.8589
76.858
76.8571
76.8562
76.8553
76.8543
76.8534
76.8525
76.8516
76.8507
76.8498
76.8488
76.8479
76.847
76.8461
76.8451
76.8442
76.8433
76.8424
76.8414
76.8405
76.8396
76.8387
76.8377
76.8368
76.8359
76.8349
76.834
76.8331
76.8322
76.8312
76.8303
76.8293
76.8284
76.8275
76.8265
76.8256
76.8247
76.8237
76.8228
76.8218
76.8209
76.82
76.819
76.8181
76.8171
76.8162
76.8152
76.8143
76.8133
76.8124
76.8115
76.8105
76.8096
76.8086
76.8076
76.8067
76.8057
76.8048
76.8038
76.8029
76.8019
76.801
76.8
76.7991
76.7981
76.7971
76.7962
76.7952
76.7943
76.7933
76.7923
76.7914
76.7904
76.7894
76.7885
76.7875
76.7865
76.7856
76.7846
76.7836
76.7827
76.7817
76.7807
76.7797
76.7788
76.7778
76.7768
76.7758
76.7749
76.7739
76.7729
76.7719
76.771
76.77
76.769
76.768
76.767
76.7661
76.7651
76.7641
76.7631
76.7621
76.7611
76.7601
76.7592
76.7582
76.7572
76.7562
76.7552
76.7542
76.7532
76.7522
76.7512
76.7502
76.7492
76.7482
76.7472
76.7462
76.7452
76.7442
76.7432
76.7422
76.7412
76.7402
76.7392
76.7382
76.7372
76.7362
76.7352
76.7342
76.7332
76.7322
76.7312
76.7302
76.7292
76.7282
76.7271
76.7261
76.7251
76.7241
76.7231
76.7221
76.7211
76.72
76.719
76.718
76.717
76.716
76.7149
76.7139
76.7129
76.7119
76.7109
76.7098
76.7088
76.7078
76.7067
76.7057
76.7047
76.7037
76.7026
76.7016
76.7006
76.6995
76.6985
76.6975
76.6964
76.6954
76.6944
76.6933
76.6923
76.6912
76.6902
76.6892
76.6881
76.6871
76.686
76.685
76.6839
76.6829
76.6819
76.6808
76.6798
76.6787
76.6777
76.6766
76.6756
76.6745
76.6735
76.6724
76.6713
76.6703
76.6692
76.6682
76.6671
76.6661
76.665
76.6639
76.6629
76.6618
76.6608
76.6597
76.6586
76.6576
76.6565
76.6554
76.6544
76.6533
76.6522
76.6512
76.6501
76.649
76.648
76.6469
76.6458
76.6447
76.6437
76.6426
76.6415
76.6404
76.6394
76.6383
76.6372
76.6361
76.635
76.6339
76.6329
76.6318
76.6307
76.6296
76.6285
76.6274
76.6263
76.6253
76.6242
76.6231
76.622
76.6209
76.6198
76.6187
76.6176
76.6165
76.6154
76.6143
76.6132
76.6121
76.611
76.6099
76.6088
76.6077
76.6066
76.6055
76.6044
76.6033
76.6022
76.6011
76.6
76.5989
76.5978
76.5966
76.5955
76.5944
76.5933
76.5922
76.5911
76.59
76.5888
76.5877
76.5866
76.5855
76.5844
76.5833
76.5821
76.581
76.5799
76.5788
76.5776
76.5765
76.5754
76.5743
76.5731
76.572
76.5709
76.5697
76.5686
76.5675
76.5663
76.5652
76.5641
76.5629
76.5618
76.5606
76.5595
76.5584
76.5572
76.5561
76.5549
76.5538
76.5527
76.5515
76.5504
76.5492
76.5481
76.5469
76.5458
76.5446
76.5435
76.5423
76.5412
76.54
76.5389
76.5377
76.5365
76.5354
76.5342
76.5331
76.5319
76.5307
76.5296
76.5284
76.5273
76.5261
76.5249
76.5238
76.5226
76.5214
76.5203
76.5191
76.5179
76.5167
76.5156
76.5144
76.5132
76.512
76.5109
76.5097
76.5085
76.5073
76.5062
76.505
76.5038
76.5026
76.5014
76.5002
76.4991
76.4979
76.4967
76.4955
76.4943
76.4931
76.4919
76.4907
76.4895
76.4883
76.4871
76.486
76.4848
76.4836
76.4824
76.4812
76.48
76.4788
76.4776
76.4764
76.4751
76.4739
76.4727
76.4715
76.4703
76.4691
76.4679
76.4667
76.4655
76.4643
76.4631
76.4618
76.4606
76.4594
76.4582
76.457
76.4558
76.4545
76.4533
76.4521
76.4509
76.4496
76.4484
76.4472
76.446
76.4447
76.4435
76.4423
76.4411
76.4398
76.4386
76.4374
76.4361
76.4349
76.4337
76.4324
76.4312
76.4299
76.4287
76.4275
76.4262
76.425
76.4237
76.4225
76.4212
76.42
76.4187
76.4175
76.4162
76.415
76.4137
76.4125
76.4112
76.41
76.4087
76.4075
76.4062
76.405
76.4037
76.4024
76.4012
76.3999
76.3986
76.3974
76.3961
76.3948
76.3936
76.3923
76.391
76.3898
76.3885
76.3872
76.386
76.3847
76.3834
76.3821
76.3808
76.3796
76.3783
76.377
76.3757
76.3744
76.3732
76.3719
76.3706
76.3693
76.368
76.3667
76.3654
76.3641
76.3629
76.3616
76.3603
76.359
76.3577
76.3564
76.3551
76.3538
76.3525
76.3512
76.3499
76.3486
76.3473
76.346
76.3447
76.3434
76.3421
76.3407
76.3394
76.3381
76.3368
76.3355
76.3342
76.3329
76.3315
76.3302
76.3289
76.3276
76.3263
76.325
76.3236
76.3223
76.321
76.3197
76.3183
76.317
76.3157
76.3143
76.313
76.3117
76.3103
76.309
76.3077
76.3063
76.305
76.3037
76.3023
76.301
76.2996
76.2983
76.297
76.2956
76.2943
76.2929
76.2916
76.2902
