4.7
4.71724
4.72596
4.73476
4.74362
4.75255
4.76156
4.77063
4.77977
4.78899
4.79827
4.80762
4.81705
4.82654
4.8361
4.84574
4.85544
4.86522
4.87506
4.88497
4.89496
4.90502
4.91514
4.92534
4.93561
4.94594
4.95635
4.96683
4.97738
4.988
4.99869
5.00945
5.02028
5.03118
5.04216
5.0532
5.06431
5.0755
5.08676
5.09808
5.10948
5.12095
5.13249
5.1441
5.15578
5.16754
5.17936
5.19126
5.20322
5.21526
5.22737
5.23955
5.2518
5.26412
5.27652
5.28898
5.30152
5.31413
5.3268
5.33956
5.35238
5.36527
5.37824
5.39127
5.40438
5.41756
5.43081
5.44414
5.45753
5.471
5.48454
5.49815
5.51183
5.52558
5.53941
5.55331
5.56728
5.58132
5.59543
5.60962
5.62388
5.63821
5.65261
5.66708
5.68163
5.69624
5.71093
5.7257
5.74053
5.75544
5.77042
5.78547
5.80059
5.81579
5.83106
5.8464
5.86181
5.8773
5.89286
5.90849
5.92419
5.93997
5.95581
5.97174
5.98773
6.0038
6.01994
6.03615
6.05243
6.06879
6.08522
6.10172
6.1183
6.13495
6.15167
6.16846
6.18533
6.20227
6.21928
6.23637
6.25353
6.27076
6.28807
6.30545
6.3229
6.34043
6.35802
6.3757
6.39344
6.41126
6.42915
6.44712
6.46515
6.48327
6.50145
6.51971
6.53804
6.55645
6.57493
6.59348
6.61211
6.6308
6.64958
6.66843
6.68735
6.70634
6.72541
6.74455
6.76377
6.78306
6.80242
6.82186
6.84137
6.86095
6.88061
6.90034
6.92015
6.94003
6.95999
6.98001
7.00012
7.02029
7.04055
7.06087
7.08127
7.10174
7.12229
7.14291
7.16361
7.18438
7.20523
7.22615
7.24714
7.26821
7.28935
7.31057
7.33186
7.35323
7.37467
7.39618
7.41777
7.43944
7.46118
7.48299
7.50488
7.52684
7.54888
7.57099
7.59318
7.61544
7.63778
7.66019
7.68268
7.70524
7.72788
7.75059
7.77338
7.79624
7.81918
7.84219
7.86528
7.88844
7.91168
7.93499
7.95838
7.98184
8.00538
8.02899
8.05268
8.07645
8.10029
8.1242
8.14819
8.17226
8.1964
8.22062
8.24491
8.26928
8.29372
8.31824
8.34284
8.36751
8.39226
8.41708
8.44198
8.46695
8.492
8.51713
8.54233
8.56761
8.59296
8.61839
8.64389
8.66947
8.69513
8.72086
8.74667
8.77256
8.79852
8.82456
8.85067
8.87686
8.90313
8.92947
8.95589
8.98239
9.00896
9.03561
9.06233
9.08913
9.11601
9.14296
9.16999
9.1971
9.22428
9.25154
9.27888
9.30629
9.33378
9.36135
9.389
9.41672
9.44451
9.47239
9.50034
9.52837
9.55647
9.58465
9.61291
9.64125
9.66966
9.69815
9.72672
9.75536
9.78408
9.81288
9.84176
9.87071
9.89974
9.92885
9.95803
9.98729
10.0166
10.046
10.0755
10.1051
10.1348
10.1645
10.1943
10.2242
10.2541
10.2842
10.3143
10.3445
10.3748
10.4051
10.4355
10.466
10.4966
10.5273
10.558
10.5888
10.6197
10.6507
10.6817
10.7129
10.7441
10.7754
10.8067
10.8382
10.8697
10.9013
10.9329
10.9647
10.9965
11.0284
11.0604
11.0925
11.1246
11.1569
11.1892
11.2215
11.254
11.2865
11.3192
11.3519
11.3846
11.4175
11.4504
11.4834
11.5165
11.5497
11.5829
11.6162
11.6497
11.6831
11.7167
11.7503
11.7841
11.8179
11.8517
11.8857
11.9197
11.9539
11.988
12.0223
12.0567
12.0911
12.1256
12.1602
12.1949
12.2296
12.2645
12.2994
12.3344
12.3694
12.4046
12.4398
12.4751
12.5105
12.546
12.5815
12.6172
12.6529
12.6887
12.7245
12.7605
12.7965
12.8326
12.8688
12.9051
12.9414
12.9779
13.0144
13.051
13.0876
13.1244
13.1612
13.1981
13.2351
13.2722
13.3093
13.3466
13.3839
13.4213
13.4587
13.4963
13.5339
13.5716
13.6094
13.6473
13.6853
13.7233
13.7614
13.7996
13.8379
13.8763
13.9147
13.9533
13.9919
14.0306
14.0693
14.1082
14.1471
14.1861
14.2252
14.2644
14.3036
14.343
14.3824
14.4219
14.4615
14.5012
14.5409
14.5807
14.6206
14.6606
14.7007
14.7409
14.7811
14.8214
14.8618
14.9023
14.9429
14.9835
15.0242
15.065
15.1059
15.1469
15.188
15.2291
15.2703
15.3116
15.353
15.3945
15.436
15.4777
15.5194
15.5612
15.6031
15.645
15.6871
15.7292
15.7714
15.8137
15.8561
15.8985
15.9411
15.9837
16.0264
16.0692
16.1121
16.155
16.1981
16.2412
16.2844
16.3277
16.3711
16.4145
16.4581
16.5017
16.5454
16.5892
16.6331
16.677
16.721
16.7652
16.8094
16.8537
16.898
16.9425
16.987
17.0317
17.0764
17.1212
17.166
17.211
17.2561
17.3012
17.3464
17.3917
17.4371
17.4825
17.5281
17.5737
17.6194
17.6652
17.7111
17.7571
17.8032
17.8493
17.8955
17.9418
17.9882
18.0347
18.0813
18.1279
18.1746
18.2215
18.2684
18.3154
18.3624
18.4096
18.4568
18.5042
18.5516
18.5991
18.6466
18.6943
18.7421
18.7899
18.8378
18.8858
18.9339
18.9821
19.0304
19.0787
19.1272
19.1757
19.2243
19.273
19.3218
19.3706
19.4196
19.4686
19.5177
19.567
19.6162
19.6656
19.7151
19.7646
19.8143
19.864
19.9138
19.9637
20.0137
20.0638
20.1139
20.1642
20.2145
20.2649
20.3154
20.366
20.4167
20.4675
20.5183
20.5692
20.6203
20.6714
20.7226
20.7739
20.8252
20.8767
20.9282
20.9799
21.0316
21.0834
21.1353
21.1873
21.2393
21.2915
21.3437
21.3961
21.4485
21.501
21.5536
21.6063
21.659
21.7119
21.7648
21.8179
21.871
21.9242
21.9775
22.0309
22.0843
22.1379
22.1915
22.2453
22.2991
22.353
22.407
22.4611
22.5153
22.5695
22.6239
22.6783
22.7329
22.7875
22.8422
22.897
22.9519
23.0069
23.0619
23.1171
23.1723
23.2277
23.2831
23.3386
23.3942
23.4499
23.5056
23.5615
23.6175
23.6735
23.7296
23.7859
23.8422
23.8986
23.9551
24.0116
24.0683
24.1251
24.1819
24.2389
24.2959
24.353
24.4102
24.4675
24.5249
24.5824
24.64
24.6976
24.7554
24.8132
24.8711
24.9292
24.9873
25.0455
25.1038
25.1622
25.2206
25.2792
25.3378
25.3966
25.4554
25.5144
25.5734
25.6325
25.6917
25.751
25.8104
25.8698
25.9294
25.989
26.0488
26.1086
26.1686
26.2286
26.2887
26.3489
26.4092
26.4696
26.53
26.5906
26.6513
26.712
26.7729
26.8338
26.8948
26.956
27.0172
27.0785
27.1399
27.2014
27.2629
27.3246
27.3864
27.4482
27.5102
27.5722
27.6344
27.6966
27.7589
27.8213
27.8838
27.9464
28.0091
28.0719
28.1348
28.1978
28.2608
28.324
28.3872
28.4506
28.514
28.5775
28.6412
28.7049
28.7687
28.8326
28.8966
28.9607
29.0249
29.0891
29.1535
29.218
29.2825
29.3472
29.4119
29.4768
29.5417
29.6067
29.6718
29.7371
29.8024
29.8678
29.9333
29.9989
30.0645
30.1303
30.1962
30.2622
30.3282
30.3944
30.4607
30.527
30.5934
30.66
30.7266
30.7933
30.8602
30.9271
30.9941
31.0612
31.1284
31.1957
31.2631
31.3306
31.3982
31.4659
31.5336
31.6015
31.6695
31.7375
31.8057
31.874
31.9423
32.0108
32.0793
32.1479
32.2167
32.2855
32.3544
32.4235
32.4926
32.5618
32.6311
32.7005
32.77
32.8396
32.9093
32.9791
33.049
33.119
33.1891
33.2593
33.3295
33.3999
33.4704
33.541
33.6116
33.6824
33.7533
33.8242
33.8953
33.9664
34.0377
34.109
34.1805
34.252
34.3237
34.3954
34.4672
34.5392
34.6112
34.6833
34.7556
34.8279
34.9003
34.9728
35.0455
35.1182
35.191
35.2639
35.3369
35.41
35.4833
35.5566
35.63
35.7035
35.7771
35.8508
35.9246
35.9985
36.0725
36.1466
36.2208
36.2951
36.3695
36.444
36.5186
36.5933
36.6681
36.743
36.818
36.8931
36.9683
37.0436
37.119
37.1945
37.27
37.3457
37.4215
37.4974
37.5734
37.6495
37.7257
37.802
37.8784
37.9549
38.0315
38.1082
38.185
38.2619
38.3389
38.416
38.4932
38.5705
38.6479
38.7254
38.803
38.8807
38.9585
39.0364
39.1144
39.1925
39.2707
39.3491
39.4275
39.506
39.5846
39.6633
39.7421
39.8211
39.9001
39.9792
40.0584
40.1378
40.2172
40.2967
40.3764
40.4561
40.536
40.6159
40.696
40.7761
40.8564
40.9367
41.0172
41.0977
41.1784
41.2591
41.34
41.421
41.5021
41.5832
41.6645
41.7459
41.8274
41.909
41.9907
42.0725
42.1544
42.2364
42.3185
42.4007
42.483
42.5654
42.648
42.7306
42.8133
42.8962
42.9791
43.0621
43.1453
43.2285
43.3119
43.3954
43.4789
43.5626
43.6464
43.7302
43.8142
43.8983
43.9825
44.0668
44.1512
44.2357
44.3203
44.4051
44.4899
44.5748
44.6598
44.745
44.8302
44.9156
45.001
45.0866
45.1723
45.258
45.3439
45.4299
45.516
45.6022
45.6885
45.7749
45.8614
45.9481
46.0348
46.1216
46.2086
46.2956
46.3828
46.47
46.5574
46.6449
46.7325
46.8202
46.908
46.9959
47.0839
47.172
47.2602
47.3485
47.437
47.5255
47.6142
47.7029
47.7918
47.8808
47.9699
48.0591
48.1484
48.2378
48.3273
48.4169
48.5067
48.5965
48.6865
48.7765
48.8667
48.957
49.0473
49.1378
49.2284
49.3192
49.41
49.5009
49.5919
49.6831
49.7743
49.8657
49.9572
50.0488
50.1405
50.2323
50.3242
50.4162
50.5083
50.6006
50.6929
50.7854
50.8779
50.9706
51.0634
51.1563
51.2493
51.3424
51.4357
51.529
51.6225
51.716
51.8097
51.9035
51.9974
52.0914
52.1855
52.2797
52.3741
52.4685
52.5631
52.6577
52.7525
52.8474
52.9424
53.0375
53.1328
53.2281
53.3235
53.4191
53.5148
53.6106
53.7065
53.8025
53.8986
53.9948
54.0912
54.1876
54.2842
54.3809
54.4777
54.5746
54.6716
54.7687
54.866
54.9633
55.0608
55.1584
55.2561
55.3539
55.4518
55.5499
55.648
55.7463
55.8447
55.9431
56.0418
56.1405
56.2393
56.3382
56.4373
56.5365
56.6358
56.7352
56.8347
56.9343
57.0341
57.1339
57.2339
57.334
57.4342
57.5345
57.6349
57.7355
57.8361
57.9369
58.0378
58.1388
58.2399
58.3412
58.4425
58.544
58.6456
58.7473
58.8491
58.951
59.053
59.1552
59.2575
59.3599
59.4624
59.565
59.6677
59.7706
59.8736
59.9767
60.0799
60.1832
60.2866
60.3902
60.4939
60.5976
60.7016
60.8056
60.9097
61.014
61.1183
61.2228
61.3274
61.4322
61.537
61.642
61.7471
61.8523
61.9576
62.063
62.1685
62.2742
62.38
62.4859
62.5919
62.6981
62.8043
62.9107
63.0172
63.1238
63.2305
63.3374
63.4444
63.5515
63.6587
63.766
63.8734
63.981
64.0887
64.1965
64.3044
64.4125
64.5206
64.6289
64.7373
64.8458
64.9545
65.0632
65.1721
65.2811
65.3903
65.4995
65.6089
65.7183
65.8279
65.9377
66.0475
66.1575
66.2676
66.3778
66.4881
66.5986
66.7091
66.8198
66.9306
67.0416
67.1526
67.2638
67.3751
67.4865
67.5981
67.7097
67.8215
67.9334
68.0454
68.1576
68.2699
68.3823
68.4948
68.6074
68.7202
68.8331
68.9461
69.0592
69.1725
69.2859
69.3994
69.513
69.6267
69.7406
69.8546
69.9687
70.0829
70.1973
70.3118
70.4264
70.5411
70.656
70.771
70.8861
71.0013
71.1167
71.2322
71.3478
71.4635
71.5793
71.6953
71.8114
71.9277
72.044
72.1605
72.2771
72.3938
72.5107
72.6276
72.7447
72.862
72.9793
73.0968
73.2144
73.3321
73.45
73.568
73.6861
73.8043
73.9227
74.0412
74.1598
74.2785
74.3974
74.5164
74.6355
74.7547
74.8741
74.9936
75.1132
75.233
75.3529
75.4729
75.593
75.7133
75.8337
75.9542
76.0748
76.1956
76.3165
76.4375
76.5587
76.68
76.8014
76.9229
77.0446
77.1664
77.2883
77.4104
77.5325
77.6548
77.7773
77.8999
78.0226
78.1454
78.2683
78.3914
78.5146
78.638
78.7615
78.8851
79.0088
79.1327
79.2567
79.3808
79.505
79.6294
79.7539
79.8786
80.0033
80.1282
80.2533
80.3784
80.5037
80.6292
80.7547
80.8804
81.0062
81.1322
81.2583
81.3845
81.5108
81.6373
81.7639
81.8906
82.0175
82.1445
82.2717
82.3989
82.5263
82.6539
82.7815
82.9093
83.0372
83.1653
83.2935
83.4218
83.5503
83.6789
83.8076
83.9365
84.0655
84.1946
84.3238
84.4532
84.5827
84.7124
84.8422
84.9721
85.1022
85.2324
85.3627
85.4932
85.6238
85.7545
85.8854
86.0164
86.1475
86.2788
86.4102
86.5417
86.6734
86.8052
86.9371
87.0692
87.2014
87.3338
87.4663
87.5989
87.7316
87.8645
87.9976
88.1307
88.264
88.3975
88.531
88.6647
88.7986
88.9326
89.0667
89.2009
89.3353
89.4699
89.6045
89.7393
89.8743
90.0093
90.1446
90.2799
90.4154
90.551
90.6868
90.8227
90.9587
91.0949
91.2312
91.3677
91.5043
91.641
91.7779
91.9149
92.052
92.1893
92.3268
92.4643
92.602
92.7399
92.8778
93.016
93.1542
93.2926
93.4312
93.5698
93.7087
93.8476
93.9867
94.126
94.2653
94.4049
94.5445
94.6843
94.8243
94.9643
95.1046
95.2449
95.3854
95.5261
95.6669
95.8078
95.9489
96.0901
96.2314
96.3729
96.5145
96.6563
96.7982
96.9403
97.0825
97.2249
97.3673
97.51
97.6527
97.7957
97.9387
98.0819
98.2253
98.3688
98.5124
98.6562
98.8001
98.9441
99.0883
99.2327
99.3772
99.5218
99.6666
99.8115
99.9566
100.102
100.247
100.393
100.538
100.684
100.83
100.976
101.122
101.269
101.415
101.562
101.709
101.856
102.003
102.15
102.297
102.445
102.593
102.74
102.888
103.036
103.185
103.333
103.482
103.63
103.779
103.928
104.077
104.227
104.376
104.526
104.675
104.825
104.975
105.125
105.276
105.426
105.577
105.728
105.879
106.03
106.181
106.332
106.484
106.635
106.787
106.939
107.091
107.243
107.396
107.548
107.701
107.854
108.007
108.16
108.313
108.467
108.62
108.774
108.928
109.082
109.236
109.391
109.545
109.7
109.855
110.01
110.165
110.32
110.475
110.631
110.787
110.943
111.099
111.255
111.411
111.568
111.724
111.881
112.038
112.195
112.352
112.51
112.667
112.825
112.983
113.141
113.299
113.457
113.616
113.774
113.933
114.092
114.251
114.41
114.57
114.729
114.889
115.049
115.209
115.369
115.529
115.689
115.85
116.011
116.172
116.333
116.494
116.656
116.817
116.979
117.141
117.303
117.465
117.627
117.79
117.952
118.115
118.278
118.441
118.604
118.768
118.931
119.095
119.259
119.423
119.587
119.752
119.916
120.081
120.246
120.411
120.576
120.741
120.907
121.072
121.238
121.404
121.57
121.737
121.903
122.07
122.236
122.403
122.57
122.738
122.905
123.073
123.24
123.408
123.576
123.744
123.913
124.081
124.25
124.419
124.588
124.757
124.926
125.096
125.265
125.435
125.605
125.775
125.945
126.116
126.287
126.457
126.628
126.799
126.971
127.142
127.314
127.485
127.657
127.829
128.002
128.174
128.347
128.519
128.692
128.865
129.039
129.212
129.385
129.559
129.733
129.907
130.081
130.256
130.43
130.605
130.78
130.955
131.13
131.305
131.481
131.657
131.833
132.009
132.185
132.361
132.538
132.714
132.891
133.068
133.245
133.423
133.6
133.778
133.956
134.134
134.312
134.491
134.669
134.848
135.027
135.206
135.385
135.564
135.744
135.924
136.103
136.284
136.464
136.644
136.825
137.005
137.186
137.367
137.549
137.73
137.912
138.093
138.275
138.457
138.64
138.822
139.005
139.188
139.371
139.554
139.737
139.92
140.104
140.288
140.472
140.656
140.84
141.025
141.21
141.394
141.579
141.765
141.95
142.136
142.321
142.507
142.693
142.879
143.066
143.252
143.439
143.626
143.813
144
144.188
144.376
144.563
144.751
144.939
145.128
145.316
145.505
145.694
145.883
146.072
146.261
146.451
146.641
146.831
147.021
147.211
147.401
147.592
147.783
147.974
148.165
148.356
148.548
148.739
148.931
149.123
149.316
149.508
149.701
149.893
150.086
150.279
150.473
150.666
150.86
151.054
151.248
151.442
151.636
151.831
152.025
152.22
152.415
152.611
152.806
153.002
153.198
153.394
153.59
153.786
153.983
154.179
154.376
154.573
154.771
154.968
155.166
155.363
155.561
155.76
155.958
156.157
156.355
156.554
156.753
156.953
157.152
157.352
157.551
157.751
157.952
158.152
158.353
158.553
158.754
158.955
159.157
159.358
159.56
159.762
159.964
160.166
160.368
160.571
160.774
160.977
161.18
161.383
161.587
161.79
161.994
162.198
162.403
162.607
162.812
163.017
163.222
163.427
163.632
163.838
164.044
164.25
164.456
164.662
164.869
165.076
165.282
165.49
165.697
165.904
166.112
166.32
166.528
166.736
166.945
167.153
167.362
167.571
167.78
167.99
168.199
168.409
168.619
168.829
169.04
169.25
169.461
169.672
169.883
170.094
170.306
170.517
170.729
170.941
171.154
171.366
171.579
171.792
172.005
172.218
172.432
172.645
172.859
173.073
173.287
173.502
173.716
173.931
174.146
174.361
174.577
174.792
175.008
175.224
175.44
175.657
175.873
176.09
176.307
176.524
176.742
176.959
177.177
177.395
177.613
177.831
178.05
178.269
178.488
178.707
178.926
179.146
179.365
179.585
179.805
180.026
180.246
180.467
180.688
180.909
181.131
181.352
181.574
181.796
182.018
182.24
182.463
182.686
182.909
183.132
183.355
183.579
183.802
184.026
184.251
184.475
184.7
184.924
185.149
185.375
185.6
185.826
186.051
186.277
186.504
186.73
186.957
187.183
187.41
187.638
187.865
188.093
188.321
188.549
188.777
189.005
189.234
189.463
189.692
189.921
190.151
190.381
190.611
190.841
191.071
191.302
191.532
191.763
191.994
192.226
192.457
192.689
192.921
193.153
193.386
193.618
193.851
194.084
194.318
194.551
194.785
195.019
195.253
195.487
195.722
195.956
196.191
196.426
196.662
196.897
197.133
197.369
197.605
197.842
198.078
198.315
198.552
198.79
199.027
199.265
199.503
199.741
199.979
200.218
200.457
200.696
200.935
201.174
201.414
201.654
201.894
202.134
202.375
202.615
202.856
203.097
203.339
203.58
203.822
204.064
204.306
204.549
204.792
205.034
205.278
205.521
205.764
206.008
206.252
206.496
206.741
206.985
207.23
207.475
207.721
207.966
208.212
208.458
208.704
208.95
209.197
209.444
209.691
209.938
210.186
210.434
210.681
210.93
211.178
211.427
211.675
211.925
212.174
212.423
212.673
212.923
213.173
213.424
213.674
213.925
214.176
214.427
214.679
214.931
215.183
215.435
215.687
215.94
216.193
216.446
216.699
216.953
217.207
217.461
217.715
217.969
218.224
218.479
218.734
218.989
219.245
219.501
219.757
220.013
220.27
220.526
220.783
221.041
221.298
221.556
221.814
222.072
222.33
222.589
222.847
223.106
223.366
223.625
223.885
224.145
224.405
224.666
224.926
225.187
225.448
225.71
225.971
226.233
226.495
226.757
227.02
227.283
227.546
227.809
228.072
228.336
228.6
228.864
229.129
229.393
229.658
229.923
230.189
230.454
230.72
230.986
231.252
231.519
231.786
232.053
232.32
232.587
232.855
233.123
233.391
233.66
233.928
234.197
234.467
234.736
235.006
235.275
235.546
235.816
236.087
236.357
236.628
236.9
237.171
237.443
237.715
237.987
238.26
238.533
238.806
239.079
239.353
239.626
239.9
240.174
240.449
240.724
240.999
241.274
241.549
241.825
242.101
242.377
242.654
242.93
243.207
243.484
243.762
244.039
244.317
244.595
244.874
245.153
245.431
245.711
245.99
246.27
246.549
246.83
247.11
247.391
247.672
247.953
248.234
248.516
248.798
249.08
249.362
249.645
249.928
250.211
250.494
250.778
251.062
251.346
251.63
251.915
252.2
252.485
252.77
253.056
253.342
253.628
253.915
254.201
254.488
254.775
255.063
255.35
255.638
255.927
256.215
256.504
256.793
257.082
257.371
257.661
257.951
258.241
258.532
258.823
259.114
259.405
259.697
259.988
260.28
260.573
260.865
261.158
261.451
261.745
262.038
262.332
262.626
262.921
263.215
263.51
263.805
264.101
264.397
264.693
264.989
265.285
265.582
265.879
266.176
266.474
266.772
267.07
267.368
267.667
267.966
268.265
268.564
268.864
269.164
269.464
269.764
270.065
270.366
270.667
270.969
271.271
271.573
271.875
272.178
272.481
272.784
273.087
273.391
273.695
273.999
274.303
274.608
274.913
275.218
275.524
275.83
276.136
276.442
276.749
277.056
277.363
277.671
277.978
278.286
278.595
278.903
279.212
279.521
279.83
280.14
280.45
280.76
281.071
281.381
281.692
282.004
282.315
282.627
282.939
283.252
283.564
283.877
284.19
284.504
284.818
285.132
285.446
285.761
286.076
286.391
286.706
287.022
287.338
287.654
287.971
288.288
288.605
288.922
289.24
289.558
289.876
290.195
290.513
290.832
291.152
291.472
291.791
292.112
292.432
292.753
293.074
293.395
293.717
294.039
294.361
294.684
295.007
295.33
295.653
295.977
296.301
296.625
296.949
297.274
297.599
297.925
298.25
298.576
298.902
299.229
299.556
299.883
300.21
300.538
300.866
301.194
301.523
301.852
302.181
302.51
302.84
303.17
303.5
303.831
304.162
304.493
304.824
305.156
305.488
305.82
306.153
306.486
306.819
307.153
307.487
307.821
308.155
308.49
308.825
309.16
309.496
309.832
310.168
310.504
310.841
311.178
311.516
311.853
312.191
312.53
312.868
313.207
313.546
313.886
314.226
314.566
314.906
315.247
315.588
315.929
316.271
316.613
316.955
317.297
317.64
317.983
318.327
318.67
319.014
319.359
319.703
320.048
320.393
320.739
321.085
321.431
321.778
322.124
322.471
322.819
323.166
323.515
323.863
324.211
324.56
324.91
325.259
325.609
325.959
326.31
326.66
327.012
327.363
327.715
328.067
328.419
328.772
329.125
329.478
329.832
330.186
330.54
330.894
331.249
331.604
331.96
332.316
332.672
333.028
333.385
333.742
334.099
334.457
334.815
335.173
335.532
335.891
336.25
336.61
336.97
337.33
337.691
338.052
338.413
338.774
339.136
339.498
339.861
340.224
340.587
340.95
341.314
341.678
342.042
342.407
342.772
343.138
343.503
343.869
344.236
344.602
344.969
345.337
345.704
346.072
346.441
346.809
347.178
347.548
347.917
348.287
348.658
349.028
349.399
349.77
350.142
350.514
350.886
351.259
351.632
352.005
352.379
352.752
353.127
353.501
353.876
354.251
354.627
355.003
355.379
355.756
356.133
356.51
356.888
357.265
357.644
358.022
358.401
358.781
359.16
359.54
359.92
360.301
360.682
361.063
361.445
361.827
362.209
362.592
362.975
363.358
363.742
364.126
364.51
364.895
365.28
365.665
366.051
366.437
366.823
367.21
367.597
367.985
368.373
368.761
369.149
369.538
369.927
370.317
370.707
371.097
371.487
371.878
372.27
372.661
373.053
373.445
373.838
374.231
374.624
375.018
375.412
375.807
376.201
376.596
376.992
377.388
377.784
378.18
378.577
378.974
379.372
379.77
380.168
380.567
380.966
381.365
381.765
382.165
382.565
382.966
383.367
383.769
384.171
384.573
384.975
385.378
385.782
386.185
386.589
386.994
387.398
387.803
388.209
388.615
389.021
389.427
389.834
390.241
390.649
391.057
391.465
391.874
392.283
392.693
393.102
393.513
393.923
394.334
394.745
395.157
395.569
395.981
396.394
396.807
397.221
397.635
398.049
398.463
398.878
399.294
399.709
400.125
400.542
400.959
401.376
401.794
402.211
402.63
403.048
403.468
403.887
404.307
404.727
405.148
405.568
405.99
406.411
406.834
407.256
407.679
408.102
408.526
408.95
409.374
409.799
410.224
410.649
411.075
411.501
411.928
412.355
412.782
413.21
413.638
414.067
414.496
414.925
415.355
415.785
416.215
416.646
417.077
417.509
417.941
418.373
418.806
419.239
419.673
420.107
420.541
420.976
421.411
421.847
422.282
422.719
423.155
423.592
424.03
424.468
424.906
425.345
425.784
426.223
426.663
427.103
427.544
427.985
428.426
428.868
429.31
429.753
430.196
430.639
431.083
431.527
431.972
432.417
432.862
433.308
433.754
434.201
434.648
435.095
435.543
435.991
436.44
436.889
437.338
437.788
438.238
438.689
439.14
439.591
440.043
440.495
440.948
441.401
441.855
442.309
442.763
443.217
443.673
444.128
444.584
445.04
445.497
445.954
446.412
446.87
447.328
447.787
448.246
448.706
449.166
449.626
450.087
450.549
451.01
451.472
451.935
452.398
452.861
453.325
453.789
454.254
454.719
455.185
455.65
456.117
456.584
457.051
457.518
457.986
458.455
458.924
459.393
459.863
460.333
460.803
461.274
461.746
462.217
462.69
463.162
463.635
464.109
464.583
465.057
465.532
466.007
466.483
466.959
467.436
467.913
468.39
468.868
469.346
469.825
470.304
470.784
471.264
471.744
472.225
472.706
473.188
473.67
474.153
474.636
475.119
475.603
476.088
476.572
477.058
477.543
478.029
478.516
479.003
479.491
479.978
480.467
480.956
481.445
481.934
482.425
482.915
483.406
483.898
484.389
484.882
485.375
485.868
486.361
486.856
487.35
487.845
488.341
488.837
489.333
489.83
490.327
490.825
491.323
491.822
492.321
492.82
493.32
493.821
494.322
494.823
495.325
495.827
496.33
496.833
497.337
497.841
498.345
498.851
499.356
499.862
500.368
500.875
501.383
501.89
502.399
502.907
503.417
503.926
504.436
504.947
505.458
505.969
506.481
506.994
507.507
508.02
508.534
509.048
509.563
510.078
510.594
511.11
511.627
512.144
512.662
513.18
513.699
514.218
514.737
515.257
515.778
516.298
516.82
517.342
517.864
518.387
518.91
519.434
519.958
520.483
521.008
521.534
522.06
522.587
523.114
523.642
524.17
524.699
525.228
525.757
526.287
526.818
527.349
527.881
528.413
528.945
529.478
530.012
530.546
531.08
531.615
532.15
532.686
533.223
533.76
534.297
534.835
535.373
535.912
536.452
536.992
537.532
538.073
538.614
539.156
539.698
540.241
540.785
541.329
541.873
542.418
542.963
543.509
544.055
544.602
545.15
545.698
546.246
546.795
547.344
547.894
548.445
548.996
549.547
550.099
550.651
551.204
551.758
552.312
552.866
553.421
553.977
554.533
555.089
555.646
556.204
556.762
557.32
557.88
558.439
558.999
559.56
560.121
560.683
561.245
561.808
562.371
562.935
563.499
564.064
564.629
565.195
565.761
566.328
566.896
567.464
568.032
568.601
569.171
569.741
570.311
570.882
571.454
572.026
572.599
573.172
573.746
574.32
574.895
575.47
576.046
576.623
577.2
577.777
578.355
578.934
579.513
580.092
580.673
581.253
581.835
582.416
582.999
583.582
584.165
584.749
585.333
585.918
586.504
587.09
587.677
588.264
588.852
589.44
590.029
590.618
591.208
591.799
592.39
592.981
593.574
594.166
594.76
595.353
595.948
596.543
597.138
597.734
598.331
598.928
599.525
600.124
600.723
601.322
601.922
602.522
603.123
603.725
604.327
604.93
605.533
606.137
606.741
607.346
607.952
608.558
609.165
609.772
610.38
610.988
611.597
612.206
612.817
613.427
614.038
614.65
615.263
615.875
616.489
617.103
617.718
618.333
618.949
619.565
620.182
620.8
621.418
622.036
622.656
623.276
623.896
624.517
625.139
625.761
626.384
627.007
627.631
628.255
628.88
629.506
630.132
630.759
631.387
632.015
632.643
633.273
633.902
634.533
635.164
635.795
636.428
637.06
637.694
638.328
638.962
639.598
640.233
640.87
641.507
642.144
642.782
643.421
644.06
644.7
645.341
645.982
646.624
647.266
647.909
648.553
649.197
649.842
650.487
651.133
651.78
652.427
653.075
653.723
654.372
655.022
655.672
656.323
656.975
657.627
658.28
658.933
659.587
660.242
660.897
661.553
662.209
662.866
663.524
664.182
664.841
665.501
666.161
666.822
667.483
668.145
668.808
669.472
670.135
670.8
671.465
672.131
672.798
673.465
674.132
674.801
675.47
676.139
676.81
677.481
678.152
678.824
679.497
680.171
680.845
681.52
682.195
682.871
683.548
684.225
684.903
685.581
686.261
686.941
687.621
688.302
688.984
689.667
690.35
691.034
691.718
692.403
693.089
693.775
694.462
695.15
695.838
696.527
697.217
697.907
698.598
699.29
699.982
700.675
701.369
702.063
702.758
703.454
704.15
704.847
705.544
706.243
706.942
707.641
708.341
709.042
709.744
710.446
711.149
711.853
712.557
713.262
713.968
714.674
715.381
716.089
716.797
717.506
718.216
718.926
719.637
720.349
721.061
721.775
722.488
723.203
723.918
724.634
725.35
726.068
726.786
727.504
728.223
728.943
729.664
730.385
731.107
731.83
732.554
733.278
734.003
734.728
735.454
736.181
736.909
737.637
738.366
739.096
739.826
740.558
741.289
742.022
742.755
743.489
744.224
744.959
745.695
746.432
747.17
747.908
748.647
749.386
750.127
750.868
751.609
752.352
753.095
753.839
754.584
755.329
756.075
756.822
757.569
758.318
759.067
759.816
760.567
761.318
761.443
760.94
760.438
759.936
759.435
758.934
758.433
757.933
757.433
756.933
756.434
755.934
755.436
754.937
754.44
753.942
753.445
752.948
752.451
751.955
751.459
750.963
750.468
749.973
749.478
748.984
748.49
747.996
747.503
747.01
746.518
746.025
745.534
745.042
744.551
744.06
743.569
743.079
742.589
742.099
741.61
741.121
740.632
740.144
739.656
739.169
738.681
738.194
737.708
737.221
736.735
736.25
735.764
735.279
734.794
734.31
733.826
733.342
732.859
732.376
731.893
731.41
730.928
730.446
729.965
729.484
729.003
728.522
728.042
727.562
727.082
726.603
726.124
725.646
725.167
724.689
724.211
723.734
723.257
722.78
722.304
721.828
721.352
720.876
720.401
719.926
719.451
718.977
718.503
718.029
717.556
717.083
716.61
716.138
715.666
715.194
714.722
714.251
713.78
713.31
712.839
712.369
711.9
711.43
710.961
710.492
710.024
709.556
709.088
708.62
708.153
707.686
707.219
706.753
706.287
705.821
705.355
704.89
704.425
703.961
703.496
703.032
702.569
702.105
701.642
701.179
700.717
700.254
699.792
699.331
698.869
698.408
697.948
697.487
697.027
696.567
696.107
695.648
695.189
694.73
694.272
693.814
693.356
692.898
692.441
691.984
691.527
691.071
690.614
690.158
689.703
689.248
688.793
688.338
687.883
687.429
686.975
686.522
686.068
685.615
685.162
684.71
684.258
683.806
683.354
682.903
682.452
682.001
681.55
681.1
680.65
680.2
679.751
679.302
678.853
678.404
677.956
677.508
677.06
676.613
676.166
675.719
675.272
674.826
674.379
673.934
673.488
673.043
672.598
672.153
671.708
671.264
670.82
670.377
669.933
669.49
669.047
668.605
668.162
667.72
667.278
666.837
666.395
665.954
665.514
665.073
664.633
664.193
663.753
663.314
662.875
662.436
661.997
661.559
661.121
660.683
660.245
659.808
659.371
658.934
658.498
658.062
657.626
657.19
656.754
656.319
655.884
655.449
655.015
654.581
654.147
653.713
653.28
652.847
652.414
651.981
651.549
651.116
650.684
650.253
649.821
649.39
648.959
648.529
648.098
647.668
647.238
646.809
646.38
645.95
645.522
645.093
644.665
644.236
643.809
643.381
642.954
642.527
642.1
641.673
641.247
640.821
640.395
639.969
639.544
639.119
638.694
638.269
637.845
637.42
636.997
636.573
636.15
635.726
635.303
634.881
634.458
634.036
633.614
633.192
632.771
632.35
631.929
631.508
631.087
630.667
630.247
629.827
629.408
628.989
628.569
628.151
627.732
627.314
626.896
626.478
626.06
625.643
625.225
624.808
624.392
623.975
623.559
623.143
622.727
622.312
621.897
621.481
621.067
620.652
620.238
619.824
619.41
618.996
618.583
618.169
617.756
617.344
616.931
616.519
616.107
615.695
615.284
614.872
614.461
614.05
613.639
613.229
612.819
612.409
611.999
611.59
611.18
610.771
610.362
609.954
609.545
609.137
608.729
608.321
607.914
607.507
607.1
606.693
606.286
605.88
605.474
605.068
604.662
604.257
603.851
603.446
603.041
602.637
602.232
601.828
601.424
601.021
600.617
600.214
599.811
599.408
599.005
598.603
598.201
597.799
597.397
596.995
596.594
596.193
595.792
595.392
594.991
594.591
594.191
593.791
593.391
592.992
592.593
592.194
591.795
591.397
590.998
590.6
590.202
589.805
589.407
589.01
588.613
588.216
587.82
587.423
587.027
586.631
586.235
585.84
585.444
585.049
584.654
584.26
583.865
583.471
583.077
582.683
582.289
581.896
581.502
581.109
580.716
580.324
579.931
579.539
579.147
578.755
578.364
577.972
577.581
577.19
576.799
576.409
576.018
575.628
575.238
574.848
574.459
574.069
573.68
573.291
572.903
572.514
572.126
571.737
571.35
570.962
570.574
570.187
569.8
569.413
569.026
568.639
568.253
567.867
567.481
567.095
566.71
566.324
565.939
565.554
565.169
564.785
564.4
564.016
563.632
563.248
562.865
562.481
562.098
561.715
561.332
560.95
560.567
560.185
559.803
559.421
559.04
558.658
558.277
557.896
557.515
557.134
556.754
556.373
555.993
555.613
555.234
554.854
554.475
554.096
553.717
553.338
552.959
552.581
552.203
551.825
551.447
551.069
550.692
550.314
549.937
549.56
549.184
548.807
548.431
548.055
547.679
547.303
546.927
546.552
546.177
545.802
545.427
545.052
544.678
544.304
543.929
543.556
543.182
542.808
542.435
542.062
541.689
541.316
540.943
540.571
540.199
539.826
539.455
539.083
538.711
538.34
537.969
537.598
537.227
536.856
536.486
536.116
535.745
535.376
535.006
534.636
534.267
533.898
533.529
533.16
532.791
532.423
532.054
531.686
531.318
530.95
530.583
530.215
529.848
529.481
529.114
528.747
528.381
528.015
527.648
527.282
526.916
526.551
526.185
525.82
525.455
525.09
524.725
524.36
523.996
523.632
523.268
522.904
522.54
522.176
521.813
521.45
521.087
520.724
520.361
519.998
519.636
519.274
518.912
518.55
518.188
517.827
517.465
517.104
516.743
516.382
516.021
515.661
515.3
514.94
514.58
514.22
513.861
513.501
513.142
512.783
512.424
512.065
511.706
511.348
510.989
510.631
510.273
509.915
509.557
509.2
508.843
508.485
508.128
507.771
507.415
507.058
506.702
506.346
505.99
505.634
505.278
504.922
504.567
504.212
503.857
503.502
503.147
502.792
502.438
502.084
501.73
501.376
501.022
500.668
500.315
499.961
499.608
499.255
498.903
498.55
498.197
497.845
497.493
497.141
496.789
496.437
496.086
495.734
495.383
495.032
494.681
494.33
493.98
493.629
493.279
492.929
492.579
492.229
491.879
491.53
491.18
490.831
490.482
490.133
489.784
489.436
489.087
488.739
488.391
488.043
487.695
487.348
487
486.653
486.306
485.959
485.612
485.265
484.918
484.572
484.226
483.879
483.533
483.188
482.842
482.496
482.151
481.806
481.461
481.116
480.771
480.426
480.082
479.738
479.393
479.049
478.706
478.362
478.018
477.675
477.331
476.988
476.645
476.303
475.96
475.617
475.275
474.933
474.591
474.249
473.907
473.565
473.224
472.882
472.541
472.2
471.859
471.518
471.178
470.837
470.497
470.157
469.817
469.477
469.137
468.797
468.458
468.118
467.779
467.44
467.101
466.762
466.424
466.085
465.747
465.409
465.071
464.733
464.395
464.058
463.72
463.383
463.046
462.708
462.372
462.035
461.698
461.362
461.025
460.689
460.353
460.017
459.681
459.346
459.01
458.675
458.34
458.005
457.67
457.335
457
456.666
456.331
455.997
455.663
455.329
454.995
454.661
454.328
453.994
453.661
453.328
452.995
452.662
452.329
451.996
451.664
451.332
450.999
450.667
450.335
450.004
449.672
449.34
449.009
448.678
448.347
448.016
447.685
447.354
447.024
446.693
446.363
446.033
445.703
445.373
445.043
444.713
444.384
444.054
443.725
443.396
443.067
442.738
442.409
442.081
441.752
441.424
441.096
440.768
440.44
440.112
439.784
439.457
439.129
438.802
438.475
438.148
437.821
437.494
437.168
436.841
436.515
436.188
435.862
435.536
435.21
434.885
434.559
434.234
433.908
433.583
433.258
432.933
432.608
432.283
431.959
431.634
431.31
430.986
430.662
430.338
430.014
429.69
429.367
429.043
428.72
428.397
428.074
427.751
427.428
427.105
426.783
426.46
426.138
425.816
425.494
425.172
424.85
424.528
424.207
423.885
423.564
423.243
422.921
422.601
422.28
421.959
421.638
421.318
420.998
420.677
420.357
420.037
419.717
419.398
419.078
418.759
418.439
418.12
417.801
417.482
417.163
416.844
416.525
416.207
415.889
415.57
415.252
414.934
414.616
414.298
413.981
413.663
413.346
413.028
412.711
412.394
412.077
411.76
411.443
411.127
410.81
410.494
410.178
409.861
409.545
409.229
408.914
408.598
408.282
407.967
407.652
407.336
407.021
406.706
406.391
406.077
405.762
405.448
405.133
404.819
404.505
404.191
403.877
403.563
403.249
402.936
402.622
402.309
401.995
401.682
401.369
401.056
400.744
400.431
400.118
399.806
399.493
399.181
398.869
398.557
398.245
397.933
397.622
397.31
396.999
396.687
396.376
396.065
395.754
395.443
395.132
394.822
394.511
394.201
393.89
393.58
393.27
392.96
392.65
392.34
392.031
391.721
391.412
391.102
390.793
390.484
390.175
389.866
389.557
389.249
388.94
388.632
388.323
388.015
387.707
387.399
387.091
386.783
386.475
386.168
385.86
385.553
385.246
384.938
384.631
384.324
384.018
383.711
383.404
383.098
382.791
382.485
382.179
381.873
381.567
381.261
380.955
380.649
380.344
380.038
379.733
379.428
379.122
378.817
378.512
378.208
377.903
377.598
377.294
376.989
376.685
376.381
376.077
375.773
375.469
375.165
374.861
374.558
374.254
373.951
373.648
373.344
373.041
372.738
372.435
372.133
371.83
371.527
371.225
370.923
370.62
370.318
370.016
369.714
369.412
369.111
368.809
368.507
368.206
367.904
367.603
367.302
367.001
366.7
366.399
366.098
365.798
365.497
365.197
364.896
364.596
364.296
363.996
363.696
363.396
363.096
362.797
362.497
362.198
361.898
361.599
361.3
361.001
360.702
360.403
360.104
359.806
359.507
359.209
358.91
358.612
358.314
358.016
357.718
357.42
357.122
356.824
356.527
356.229
355.932
355.634
355.337
355.04
354.743
354.446
354.149
353.852
353.556
353.259
352.963
352.666
352.37
352.074
351.778
351.482
351.186
350.89
350.594
350.299
350.003
349.708
349.412
349.117
348.822
348.527
348.232
347.937
347.642
347.348
347.053
346.759
346.464
346.17
345.876
345.582
345.287
344.994
344.7
344.406
344.112
343.819
343.525
343.232
342.939
342.645
342.352
342.059
341.766
341.473
341.181
340.888
340.595
340.303
340.011
339.718
339.426
339.134
338.842
338.55
338.258
337.966
337.675
337.383
337.092
336.8
336.509
336.218
335.926
335.635
335.344
335.054
334.763
334.472
334.181
333.891
333.601
333.31
333.02
332.73
332.44
332.15
331.86
331.57
331.28
330.991
330.701
330.412
330.122
329.833
329.544
329.255
328.965
328.677
328.388
328.099
327.81
327.522
327.233
326.945
326.656
326.368
326.08
325.792
325.504
325.216
324.928
324.64
324.353
324.065
323.777
323.49
323.203
322.915
322.628
322.341
322.054
321.767
321.48
321.194
320.907
320.621
320.334
320.048
319.761
319.475
319.189
318.903
318.617
318.331
318.045
317.759
317.474
317.188
316.903
316.617
316.332
316.047
315.761
315.476
315.191
314.906
314.622
314.337
314.052
313.767
313.483
313.199
312.914
312.63
312.346
312.062
311.778
311.494
311.21
310.926
310.642
310.359
310.075
309.792
309.508
309.225
308.942
308.658
308.375
308.092
307.809
307.527
307.244
306.961
306.679
306.396
306.114
305.831
305.549
305.267
304.985
304.703
304.421
304.139
303.857
303.575
303.293
303.012
302.73
302.449
302.168
301.886
301.605
301.324
301.043
300.762
300.481
300.2
299.919
299.639
299.358
299.078
298.797
298.517
298.237
297.956
297.676
297.396
297.116
296.836
296.557
296.277
295.997
295.717
295.438
295.159
294.879
294.6
294.321
294.041
293.762
293.483
293.204
292.926
292.647
292.368
292.089
291.811
291.532
291.254
290.976
290.697
290.419
290.141
289.863
289.585
289.307
289.029
288.752
288.474
288.196
287.919
287.641
287.364
287.087
286.809
286.532
286.255
285.978
285.701
285.424
285.147
284.871
284.594
284.317
284.041
283.764
283.488
283.212
282.936
282.659
282.383
282.107
281.831
281.555
281.28
281.004
280.728
280.453
280.177
279.902
279.626
279.351
279.076
278.8
278.525
278.25
277.975
277.7
277.426
277.151
276.876
276.601
276.327
276.052
275.778
275.504
275.229
274.955
274.681
274.407
274.133
273.859
273.585
273.311
273.038
272.764
272.49
272.217
271.943
271.67
271.397
271.123
270.85
270.577
270.304
270.031
269.758
269.485
269.212
268.94
268.667
268.394
268.122
267.849
267.577
267.305
267.032
266.76
266.488
266.216
265.944
265.672
265.4
265.129
264.857
264.585
264.314
264.042
263.771
263.499
263.228
262.956
262.685
262.414
262.143
261.872
261.601
261.33
261.059
260.789
260.518
260.247
259.977
259.706
259.436
259.165
258.895
258.625
258.355
258.085
257.815
257.545
257.275
257.005
256.735
256.465
256.195
255.926
255.656
255.387
255.117
254.848
254.579
254.31
254.04
253.771
253.502
253.233
252.964
252.695
252.427
252.158
251.889
251.621
251.352
251.083
250.815
250.547
250.278
250.01
249.742
249.474
249.206
248.938
248.67
248.402
248.134
247.866
247.599
247.331
247.063
246.796
246.528
246.261
245.994
245.726
245.459
245.192
244.925
244.658
244.391
244.124
243.857
243.59
243.324
243.057
242.79
242.524
242.257
241.991
241.724
241.458
241.192
240.925
240.659
240.393
240.127
239.861
239.595
239.329
239.064
238.798
238.532
238.267
238.001
237.735
237.47
237.205
236.939
236.674
236.409
236.143
235.878
235.613
235.348
235.083
234.818
234.554
234.289
234.024
233.759
233.495
233.23
232.966
232.701
232.437
232.173
231.908
231.644
231.38
231.116
230.852
230.588
230.324
230.06
229.796
229.532
229.269
229.005
228.741
228.478
228.214
227.951
227.688
227.424
227.161
226.898
226.635
226.371
226.108
225.845
225.582
225.32
225.057
224.794
224.531
224.269
224.006
223.743
223.481
223.218
222.956
222.694
222.431
222.169
221.907
221.645
221.383
221.121
220.859
220.597
220.335
220.073
219.811
219.549
219.288
219.026
218.765
218.503
218.242
217.98
217.719
217.457
217.196
216.935
216.674
216.413
216.152
215.891
215.63
215.369
215.108
214.847
214.587
214.326
214.065
213.805
213.544
213.284
213.023
212.763
212.502
212.242
211.982
211.722
211.462
211.202
210.942
210.682
210.422
210.162
209.902
209.642
209.382
209.123
208.863
208.604
208.344
208.084
207.825
207.566
207.306
207.047
206.788
206.529
206.269
206.01
205.751
205.492
205.233
204.975
204.716
204.457
204.198
203.939
203.681
203.422
203.164
202.905
202.647
202.388
202.13
201.872
201.613
201.355
201.097
200.839
200.581
200.323
200.065
199.807
199.549
199.291
199.033
198.775
198.518
198.26
198.003
197.745
197.487
197.23
196.973
196.715
196.458
196.201
195.943
195.686
195.429
195.172
194.915
194.658
194.401
194.144
193.887
193.63
193.373
193.117
192.86
192.603
192.347
192.09
191.834
191.577
191.321
191.065
190.808
190.552
190.296
190.039
189.783
189.527
189.271
189.015
188.759
188.503
188.247
187.992
187.736
187.48
187.224
186.969
186.713
186.457
186.202
185.946
185.691
185.436
185.18
184.925
184.67
184.414
184.159
183.904
183.649
183.394
183.139
182.884
182.629
182.374
182.119
181.865
181.61
181.355
181.1
180.846
180.591
180.337
180.082
179.828
179.573
179.319
179.065
178.81
178.556
178.302
178.048
177.794
177.539
177.285
177.031
176.777
176.524
176.27
176.016
175.762
175.508
175.255
175.001
174.747
174.494
174.24
173.987
173.733
173.48
173.226
172.973
172.72
172.466
172.213
171.96
171.707
171.454
171.201
170.948
170.695
170.442
170.189
169.936
169.683
169.43
169.178
168.925
168.672
168.42
168.167
167.914
167.662
167.409
167.157
166.905
166.652
166.4
166.148
165.895
165.643
165.391
165.139
164.887
164.635
164.383
164.131
163.879
163.627
163.375
163.123
162.872
162.62
162.368
162.116
161.865
161.613
161.362
161.11
160.859
160.607
160.356
160.104
159.853
159.602
159.35
159.099
158.848
158.597
158.346
158.095
157.844
157.593
157.342
157.091
156.84
156.589
156.338
156.087
155.837
155.586
155.335
155.085
154.834
154.583
154.333
154.082
153.832
153.582
153.331
153.081
152.83
152.58
152.33
152.08
151.83
151.579
151.329
151.079
150.829
150.579
150.329
150.079
149.829
149.579
149.33
149.08
148.83
148.58
148.331
148.081
147.831
147.582
147.332
147.083
146.833
146.584
146.334
146.085
145.836
145.586
145.337
145.088
144.838
144.589
144.34
144.091
143.842
143.593
143.344
143.095
142.846
142.597
142.348
142.099
141.85
141.602
141.353
141.104
140.855
140.607
140.358
140.11
139.861
139.612
139.364
139.116
138.867
138.619
138.37
138.122
137.874
137.625
137.377
137.129
136.881
136.633
136.384
136.136
135.888
135.64
135.392
135.144
134.896
134.649
134.401
134.153
133.905
133.657
133.409
133.162
132.914
132.666
132.419
132.171
131.924
131.676
131.429
131.181
130.934
130.686
130.439
130.192
129.944
129.697
129.45
129.202
128.955
128.708
128.461
128.214
127.967
127.72
127.473
127.226
126.979
126.732
126.485
126.238
125.991
125.744
125.498
125.251
125.004
124.757
124.511
124.264
124.017
123.771
123.524
123.278
123.031
122.785
122.538
122.292
122.045
121.799
121.553
121.306
121.06
120.814
120.568
120.322
120.075
119.829
119.583
119.337
119.091
118.845
118.599
118.353
118.107
117.861
117.615
117.369
117.123
116.878
116.632
116.386
116.14
115.895
115.649
115.403
115.158
114.912
114.667
114.421
114.175
113.93
113.684
113.439
113.194
112.948
112.703
112.458
112.212
111.967
111.722
111.476
111.231
110.986
110.741
110.496
110.251
110.006
109.761
109.515
109.27
109.025
108.781
108.536
108.291
108.046
107.801
107.556
107.311
107.067
106.822
106.577
106.332
106.088
105.843
105.598
105.354
105.109
104.865
104.62
104.376
104.131
103.887
103.642
103.398
103.153
102.909
102.665
102.42
102.176
101.932
101.687
101.443
101.199
100.955
100.711
100.467
100.222
99.9784
99.7343
99.4903
99.2463
99.0023
98.7583
98.5143
98.2704
98.0265
97.7826
97.5388
97.2949
97.0511
96.8073
96.5636
96.3198
96.0761
95.8324
95.5887
95.345
95.1014
94.8578
94.6142
94.3706
94.1271
93.8836
93.6401
93.3966
93.1531
92.9097
92.6662
92.4229
92.1795
91.9361
91.6928
91.4495
91.2062
90.9629
90.7197
90.4764
90.2332
89.9901
89.7469
89.5037
89.2606
89.0175
88.7744
88.5314
88.2883
88.0453
87.8023
87.5593
87.3164
87.0735
86.8305
86.5876
86.3448
86.1019
85.8591
85.6163
85.3735
85.1307
84.8879
84.6452
84.4025
84.1598
83.9171
83.6744
83.4318
83.1892
82.9466
82.704
82.4614
82.2189
81.9764
81.7339
81.4914
81.2489
81.0065
80.764
80.5216
80.2792
80.0369
79.7945
79.5522
79.3099
79.0676
78.8253
78.583
78.3408
78.0986
77.8564
77.6142
77.372
77.1299
76.8878
76.6456
76.4035
76.1615
75.9194
75.6774
75.4353
75.1933
74.9514
74.7094
74.4674
74.2255
73.9836
73.7417
73.4998
73.2579
73.0161
72.7743
72.5324
72.2907
72.0489
71.8071
71.5654
71.3236
71.0819
70.8402
70.5986
70.3569
70.1153
69.8736
69.632
69.3904
69.1489
68.9073
68.6658
68.4242
68.1827
67.9412
67.6997
67.4583
67.2168
66.9754
66.734
66.4926
66.2512
66.0098
65.7685
65.5272
65.2858
65.0445
64.8032
64.562
64.3207
64.0795
63.8383
63.597
63.3558
63.1147
62.8735
62.6324
62.3912
62.1501
61.909
61.6679
61.4268
61.1858
60.9447
60.7037
60.4627
60.2217
59.9807
59.7397
59.4988
59.2578
59.0169
58.776
58.5351
58.2942
58.0533
57.8125
57.5716
57.3308
57.09
56.8492
56.6084
56.3676
56.1269
55.8861
55.6454
55.4047
55.164
54.9233
54.6826
54.442
54.2013
53.9607
53.7201
53.4795
53.2389
52.9983
52.7577
52.5172
52.2766
52.0361
51.7956
51.5551
51.3146
51.0741
50.8336
50.5932
50.3527
50.1123
49.8719
49.6315
49.3911
49.1507
48.9104
48.67
48.4297
48.1894
47.949
47.7087
47.4685
47.2282
46.9879
46.7477
46.5074
46.2672
46.027
45.7868
45.5466
45.3064
45.0662
44.8261
44.5859
44.3458
44.1057
43.8655
43.6254
43.3853
43.1453
42.9052
42.6651
42.4251
42.1851
41.945
41.705
41.465
41.2251
40.9851
40.7451
40.5052
40.2652
40.0253
39.7853
39.5454
39.3055
39.0656
38.8258
38.5859
38.346
38.1062
37.8663
37.6265
37.3867
37.1469
36.9071
36.6673
36.4275
36.1878
35.948
35.7083
35.4685
35.2288
34.9891
34.7494
34.5097
34.27
34.0303
33.7906
33.551
33.3113
33.0717
32.8321
32.5924
32.3528
32.1132
31.8736
31.6341
31.3945
31.1549
30.9154
30.6758
30.4363
30.1968
29.9573
29.7177
29.4782
29.2388
28.9993
28.7598
28.5203
28.2809
28.0414
27.802
27.5626
27.3232
27.0838
26.8444
26.605
26.3656
26.1262
25.8868
25.6475
25.4081
25.1688
24.9295
24.6901
24.4508
24.2115
23.9722
23.7329
23.4936
23.2544
23.0151
22.7758
22.5366
22.2974
22.0581
21.8189
21.5797
21.3405
21.1013
20.8621
20.6229
20.3837
20.1446
19.9054
19.6662
19.4271
19.188
18.9488
18.7097
18.4706
18.2315
17.9924
17.7533
17.5142
17.2752
17.0361
16.7971
16.558
16.319
16.0799
15.8409
15.6019
15.3629
15.1239
14.8849
14.6459
14.4069
14.168
13.929
13.6901
13.4511
13.2122
12.9732
12.7343
12.4954
12.2565
12.0176
11.7787
11.5399
11.301
11.0621
10.8233
10.5844
10.3456
10.1068
9.86795
9.62915
9.39035
9.15156
8.91278
8.67401
8.43525
8.1965
7.95776
7.71903
7.48031
7.24161
7.00291
6.76422
6.52555
6.28688
6.04823
5.80959
5.57097
5.33235
5.09376
4.85517
4.6166
4.37804
4.1395
3.90098
3.66248
3.42399
3.18552
2.94708
2.70866
2.47026
2.23189
1.99354
1.75524
1.51696
1.27873
1.04055
0.802427
0.564379
0.326434
0.0886504
-0.148732
-0.38763
-0.626774
-0.866038
-1.10538
-1.34478
-1.58423
-1.82372
-2.06325
-2.3028
-2.54238
-2.78199
-3.02162
-3.26126
-3.50093
-3.74062
-3.98032
-4.22003
-4.45976
-4.69951
-4.93927
-5.17904
-5.41883
-5.65862
-5.89843
-6.13825
-6.37808
-6.61792
-6.85777
-7.09763
-7.3375
-7.57739
-7.81728
-8.05718
-8.29708
-8.537
-8.77693
-9.01686
-9.25681
-9.49676
-9.73672
-9.97669
-10.2167
-10.4566
-10.6966
-10.9366
-11.1766
-11.4167
-11.6567
-11.8967
-12.1368
-12.3768
-12.6169
-12.8569
-13.097
-13.3371
-13.5771
-13.8172
-14.0573
-14.2974
-14.5376
-14.7777
-15.0178
-15.2579
-15.4981
-15.7382
-15.9784
-16.2186
-16.4587
-16.6989
-16.9391
-17.1793
-17.4195
-17.6597
-17.8999
-18.1401
-18.3804
-18.6206
-18.8609
-19.1011
-19.3414
-19.5816
-19.8219
-20.0622
-20.3025
-20.5428
-20.7831
-21.0234
-21.2637
-21.5041
-21.7444
-21.9847
-22.2251
-22.4654
-22.7058
-22.9462
-23.1866
-23.427
-23.6674
-23.9078
-24.1482
-24.3886
-24.629
-24.8695
-25.1099
-25.3504
-25.5908
-25.8313
-26.0718
-26.3123
-26.5528
-26.7933
-27.0338
-27.2743
-27.5148
-27.7554
-27.9959
-28.2365
-28.477
-28.7176
-28.9582
-29.1987
-29.4393
-29.6799
-29.9206
-30.1612
-30.4018
-30.6425
-30.8831
-31.1238
-31.3644
-31.6051
-31.8458
-32.0865
-32.3272
-32.5679
-32.8086
-33.0493
-33.2901
-33.5308
-33.7716
-34.0124
-34.2531
-34.4939
-34.7347
-34.9755
-35.2163
-35.4572
-35.698
-35.9388
-36.1797
-36.4205
-36.6614
-36.9023
-37.1432
-37.3841
-37.625
-37.8659
-38.1069
-38.3478
-38.5888
-38.8297
-39.0707
-39.3117
-39.5527
-39.7937
-40.0347
-40.2757
-40.5168
-40.7578
-40.9989
-41.2399
-41.481
-41.7221
-41.9632
-42.2043
-42.4454
-42.6866
-42.9277
-43.1689
-43.41
-43.6512
-43.8924
-44.1336
-44.3748
-44.616
-44.8573
-45.0985
-45.3398
-45.581
-45.8223
-46.0636
-46.3049
-46.5462
-46.7875
-47.0289
-47.2702
-47.5116
-47.753
-47.9944
-48.2358
-48.4772
-48.7186
-48.96
-49.2015
-49.4429
-49.6844
-49.9259
-50.1674
-50.4089
-50.6504
-50.8919
-51.1335
-51.375
-51.6166
-51.8582
-52.0998
-52.3414
-52.583
-52.8246
-53.0663
-53.308
-53.5496
-53.7913
-54.033
-54.2747
-54.5165
-54.7582
-54.9999
-55.2417
-55.4835
-55.7253
-55.9671
-56.2089
-56.4507
-56.6926
-56.9345
-57.1763
-57.4182
-57.6601
-57.902
-58.144
-58.3859
-58.6279
-58.8698
-59.1118
-59.3538
-59.5958
-59.8379
-60.0799
-60.322
-60.5641
-60.8061
-61.0482
-61.2904
-61.5325
-61.7746
-62.0168
-62.259
-62.5012
-62.7434
-62.9856
-63.2278
-63.4701
-63.7123
-63.9546
-64.1969
-64.4392
-64.6816
-64.9239
-65.1663
-65.4086
-65.651
-65.8934
-66.1359
-66.3783
-66.6207
-66.8632
-67.1057
-67.3482
-67.5907
-67.8332
-68.0758
-68.3183
-68.5609
-68.8035
-69.0461
-69.2888
-69.5314
-69.7741
-70.0167
-70.2594
-70.5021
-70.7449
-70.9876
-71.2304
-71.4732
-71.7159
-71.9588
-72.2016
-72.4444
-72.6873
-72.9302
-73.1731
-73.416
-73.6589
-73.9019
-74.1448
-74.3878
-74.6308
-74.8738
-75.1169
-75.3599
-75.603
-75.8461
-76.0892
-76.3323
-76.5754
-76.8186
-77.0618
-77.305
-77.5482
-77.7914
-78.0347
-78.2779
-78.5212
-78.7645
-79.0078
-79.2512
-79.4945
-79.7379
-79.9813
-80.2247
-80.4682
-80.7116
-80.9551
-81.1986
-81.4421
-81.6856
-81.9292
-82.1727
-82.4163
-82.6599
-82.9035
-83.1472
-83.3908
-83.6345
-83.8782
-84.1219
-84.3657
-84.6094
-84.8532
-85.097
-85.3408
-85.5847
-85.8285
-86.0724
-86.3163
-86.5602
-86.8042
-87.0481
-87.2921
-87.5361
-87.7801
-88.0242
-88.2682
-88.5123
-88.7564
-89.0005
-89.2447
-89.4888
-89.733
-89.9772
-90.2214
-90.4657
-90.7099
-90.9542
-91.1985
-91.4429
-91.6872
-91.9316
-92.176
-92.4204
-92.6648
-92.9093
-93.1538
-93.3983
-93.6428
-93.8873
-94.1319
-94.3765
-94.6211
-94.8657
-95.1104
-95.355
-95.5997
-95.8445
-96.0892
-96.334
-96.5787
-96.8235
-97.0684
-97.3132
-97.5581
-97.803
-98.0479
-98.2929
-98.5378
-98.7828
-99.0278
-99.2728
-99.5179
-99.763
-100.008
-100.253
-100.498
-100.744
-100.989
-101.234
-101.479
-101.724
-101.97
-102.215
-102.46
-102.706
-102.951
-103.197
-103.442
-103.687
-103.933
-104.178
-104.424
-104.669
-104.915
-105.161
-105.406
-105.652
-105.898
-106.143
-106.389
-106.635
-106.88
-107.126
-107.372
-107.618
-107.864
-108.11
-108.356
-108.602
-108.847
-109.093
-109.339
-109.586
-109.832
-110.078
-110.324
-110.57
-110.816
-111.062
-111.308
-111.555
-111.801
-112.047
-112.294
-112.54
-112.786
-113.033
-113.279
-113.526
-113.772
-114.019
-114.265
-114.512
-114.758
-115.005
-115.251
-115.498
-115.745
-115.992
-116.238
-116.485
-116.732
-116.979
-117.226
-117.472
-117.719
-117.966
-118.213
-118.46
-118.707
-118.954
-119.201
-119.448
-119.695
-119.943
-120.19
-120.437
-120.684
-120.931
-121.179
-121.426
-121.673
-121.921
-122.168
-122.416
-122.663
-122.911
-123.158
-123.406
-123.653
-123.901
-124.148
-124.396
-124.644
-124.891
-125.139
-125.387
-125.635
-125.882
-126.13
-126.378
-126.626
-126.874
-127.122
-127.37
-127.618
-127.866
-128.114
-128.362
-128.61
-128.859
-129.107
-129.355
-129.603
-129.852
-130.1
-130.348
-130.597
-130.845
-131.094
-131.342
-131.59
-131.839
-132.088
-132.336
-132.585
-132.833
-133.082
-133.331
-133.58
-133.828
-134.077
-134.326
-134.575
-134.824
-135.073
-135.322
-135.571
-135.82
-136.069
-136.318
-136.567
-136.816
-137.065
-137.314
-137.564
-137.813
-138.062
-138.312
-138.561
-138.81
-139.06
-139.309
-139.559
-139.808
-140.058
-140.308
-140.557
-140.807
-141.057
-141.306
-141.556
-141.806
-142.056
-142.305
-142.555
-142.805
-143.055
-143.305
-143.555
-143.805
-144.055
-144.305
-144.556
-144.806
-145.056
-145.306
-145.557
-145.807
-146.057
-146.308
-146.558
-146.809
-147.059
-147.31
-147.56
-147.811
-148.061
-148.312
-148.563
-148.813
-149.064
-149.315
-149.566
-149.817
-150.068
-150.318
-150.569
-150.82
-151.071
-151.323
-151.574
-151.825
-152.076
-152.327
-152.578
-152.83
-153.081
-153.332
-153.584
-153.835
-154.087
-154.338
-154.59
-154.841
-155.093
-155.345
-155.596
-155.848
-156.1
-156.351
-156.603
-156.855
-157.107
-157.359
-157.611
-157.863
-158.115
-158.367
-158.619
-158.871
-159.124
-159.376
-159.628
-159.88
-160.133
-160.385
-160.637
-160.89
-161.142
-161.395
-161.647
-161.9
-162.153
-162.405
-162.658
-162.911
-163.164
-163.416
-163.669
-163.922
-164.175
-164.428
-164.681
-164.934
-165.187
-165.44
-165.693
-165.947
-166.2
-166.453
-166.706
-166.96
-167.213
-167.467
-167.72
-167.974
-168.227
-168.481
-168.734
-168.988
-169.242
-169.496
-169.749
-170.003
-170.257
-170.511
-170.765
-171.019
-171.273
-171.527
-171.781
-172.035
-172.289
-172.544
-172.798
-173.052
-173.307
-173.561
-173.815
-174.07
-174.324
-174.579
-174.833
-175.088
-175.343
-175.598
-175.852
-176.107
-176.362
-176.617
-176.872
-177.127
-177.382
-177.637
-177.892
-178.147
-178.402
-178.657
-178.913
-179.168
-179.423
-179.679
-179.934
-180.189
-180.445
-180.7
-180.956
-181.212
-181.467
-181.723
-181.979
-182.235
-182.49
-182.746
-183.002
-183.258
-183.514
-183.77
-184.026
-184.283
-184.539
-184.795
-185.051
-185.308
-185.564
-185.82
-186.077
-186.333
-186.59
-186.846
-187.103
-187.36
-187.616
-187.873
-188.13
-188.387
-188.644
-188.901
-189.157
-189.414
-189.672
-189.929
-190.186
-190.443
-190.7
-190.958
-191.215
-191.472
-191.73
-191.987
-192.245
-192.502
-192.76
-193.017
-193.275
-193.533
-193.791
-194.048
-194.306
-194.564
-194.822
-195.08
-195.338
-195.596
-195.855
-196.113
-196.371
-196.629
-196.888
-197.146
-197.404
-197.663
-197.921
-198.18
-198.439
-198.697
-198.956
-199.215
-199.474
-199.732
-199.991
-200.25
-200.509
-200.768
-201.027
-201.286
-201.546
-201.805
-202.064
-202.323
-202.583
-202.842
-203.102
-203.361
-203.621
-203.88
-204.14
-204.4
-204.66
-204.919
-205.179
-205.439
-205.699
-205.959
-206.219
-206.479
-206.739
-207
-207.26
-207.52
-207.78
-208.041
-208.301
-208.562
-208.822
-209.083
-209.344
-209.604
-209.865
-210.126
-210.387
-210.648
-210.908
-211.169
-211.431
-211.692
-211.953
-212.214
-212.475
-212.736
-212.998
-213.259
-213.521
-213.782
-214.044
-214.305
-214.567
-214.829
-215.09
-215.352
-215.614
-215.876
-216.138
-216.4
-216.662
-216.924
-217.186
-217.449
-217.711
-217.973
-218.235
-218.498
-218.76
-219.023
-219.286
-219.548
-219.811
-220.074
-220.336
-220.599
-220.862
-221.125
-221.388
-221.651
-221.914
-222.177
-222.441
-222.704
-222.967
-223.231
-223.494
-223.758
-224.021
-224.285
-224.548
-224.812
-225.076
-225.34
-225.603
-225.867
-226.131
-226.395
-226.659
-226.924
-227.188
-227.452
-227.716
-227.981
-228.245
-228.509
-228.774
-229.039
-229.303
-229.568
-229.833
-230.097
-230.362
-230.627
-230.892
-231.157
-231.422
-231.687
-231.953
-232.218
-232.483
-232.748
-233.014
-233.279
-233.545
-233.81
-234.076
-234.342
-234.607
-234.873
-235.139
-235.405
-235.671
-235.937
-236.203
-236.469
-236.735
-237.002
-237.268
-237.534
-237.801
-238.067
-238.334
-238.601
-238.867
-239.134
-239.401
-239.668
-239.934
-240.201
-240.468
-240.735
-241.003
-241.27
-241.537
-241.804
-242.072
-242.339
-242.607
-242.874
-243.142
-243.409
-243.677
-243.945
-244.213
-244.481
-244.749
-245.017
-245.285
-245.553
-245.821
-246.089
-246.358
-246.626
-246.894
-247.163
-247.431
-247.7
-247.969
-248.237
-248.506
-248.775
-249.044
-249.313
-249.582
-249.851
-250.12
-250.39
-250.659
-250.928
-251.198
-251.467
-251.737
-252.006
-252.276
-252.546
-252.815
-253.085
-253.355
-253.625
-253.895
-254.165
-254.435
-254.706
-254.976
-255.246
-255.517
-255.787
-256.058
-256.328
-256.599
-256.87
-257.14
-257.411
-257.682
-257.953
-258.224
-258.495
-258.766
-259.038
-259.309
-259.58
-259.852
-260.123
-260.395
-260.666
-260.938
-261.21
-261.482
-261.753
-262.025
-262.297
-262.569
-262.842
-263.114
-263.386
-263.658
-263.931
-264.203
-264.476
-264.748
-265.021
-265.294
-265.566
-265.839
-266.112
-266.385
-266.658
-266.931
-267.204
-267.478
-267.751
-268.024
-268.298
-268.571
-268.845
-269.119
-269.392
-269.666
-269.94
-270.214
-270.488
-270.762
-271.036
-271.31
-271.584
-271.859
-272.133
-272.408
-272.682
-272.957
-273.231
-273.506
-273.781
-274.056
-274.331
-274.606
-274.881
-275.156
-275.431
-275.706
-275.982
-276.257
-276.533
-276.808
-277.084
-277.359
-277.635
-277.911
-278.187
-278.463
-278.739
-279.015
-279.291
-279.567
-279.844
-280.12
-280.397
-280.673
-280.95
-281.226
-281.503
-281.78
-282.057
-282.334
-282.611
-282.888
-283.165
-283.442
-283.72
-283.997
-284.274
-284.552
-284.83
-285.107
-285.385
-285.663
-285.941
-286.219
-286.497
-286.775
-287.053
-287.331
-287.609
-287.888
-288.166
-288.445
-288.723
-289.002
-289.281
-289.56
-289.839
-290.118
-290.397
-290.676
-290.955
-291.234
-291.513
-291.793
-292.072
-292.352
-292.632
-292.911
-293.191
-293.471
-293.751
-294.031
-294.311
-294.591
-294.871
-295.152
-295.432
-295.712
-295.993
-296.274
-296.554
-296.835
-297.116
-297.397
-297.678
-297.959
-298.24
-298.521
-298.803
-299.084
-299.365
-299.647
-299.928
-300.21
-300.492
-300.774
-301.056
-301.338
-301.62
-301.902
-302.184
-302.466
-302.749
-303.031
-303.314
-303.596
-303.879
-304.162
-304.444
-304.727
-305.01
-305.293
-305.577
-305.86
-306.143
-306.426
-306.71
-306.993
-307.277
-307.561
-307.845
-308.128
-308.412
-308.696
-308.98
-309.265
-309.549
-309.833
-310.118
-310.402
-310.687
-310.971
-311.256
-311.541
-311.826
-312.111
-312.396
-312.681
-312.966
-313.252
-313.537
-313.822
-314.108
-314.394
-314.679
-314.965
-315.251
-315.537
-315.823
-316.109
-316.395
-316.681
-316.968
-317.254
-317.541
-317.827
-318.114
-318.401
-318.688
-318.975
-319.262
-319.549
-319.836
-320.123
-320.411
-320.698
-320.986
-321.273
-321.561
-321.849
-322.136
-322.424
-322.712
-323.001
-323.289
-323.577
-323.865
-324.154
-324.442
-324.731
-325.02
-325.308
-325.597
-325.886
-326.175
-326.465
-326.754
-327.043
-327.332
-327.622
-327.911
-328.201
-328.491
-328.781
-329.071
-329.361
-329.651
-329.941
-330.231
-330.521
-330.812
-331.102
-331.393
-331.684
-331.974
-332.265
-332.556
-332.847
-333.138
-333.43
-333.721
-334.012
-334.304
-334.595
-334.887
-335.179
-335.47
-335.762
-336.054
-336.346
-336.639
-336.931
-337.223
-337.516
-337.808
-338.101
-338.394
-338.686
-338.979
-339.272
-339.565
-339.859
-340.152
-340.445
-340.739
-341.032
-341.326
-341.62
-341.913
-342.207
-342.501
-342.795
-343.089
-343.384
-343.678
-343.973
-344.267
-344.562
-344.856
-345.151
-345.446
-345.741
-346.036
-346.331
-346.627
-346.922
-347.218
-347.513
-347.809
-348.104
-348.4
-348.696
-348.992
-349.288
-349.585
-349.881
-350.177
-350.474
-350.77
-351.067
-351.364
-351.661
-351.958
-352.255
-352.552
-352.849
-353.146
-353.444
-353.741
-354.039
-354.337
-354.635
-354.932
-355.23
-355.529
-355.827
-356.125
-356.423
-356.722
-357.021
-357.319
-357.618
-357.917
-358.216
-358.515
-358.814
-359.113
-359.413
-359.712
-360.012
-360.311
-360.611
-360.911
-361.211
-361.511
-361.811
-362.111
-362.412
-362.712
-363.013
-363.313
-363.614
-363.915
-364.216
-364.517
-364.818
-365.119
-365.421
-365.722
-366.024
-366.325
-366.627
-366.929
-367.231
-367.533
-367.835
-368.137
-368.439
-368.742
-369.044
-369.347
-369.65
-369.953
-370.256
-370.559
-370.862
-371.165
-371.468
-371.772
-372.075
-372.379
-372.683
-372.987
-373.291
-373.595
-373.899
-374.203
-374.508
-374.812
-375.117
-375.421
-375.726
-376.031
-376.336
-376.641
-376.946
-377.252
-377.557
-377.863
-378.168
-378.474
-378.78
-379.086
-379.392
-379.698
-380.004
-380.311
-380.617
-380.924
-381.23
-381.537
-381.844
-382.151
-382.458
-382.765
-383.073
-383.38
-383.688
-383.995
-384.303
-384.611
-384.919
-385.227
-385.535
-385.843
-386.152
-386.46
-386.769
-387.077
-387.386
-387.695
-388.004
-388.313
-388.623
-388.932
-389.241
-389.551
-389.861
-390.17
-390.48
-390.79
-391.101
-391.411
-391.721
-392.032
-392.342
-392.653
-392.964
-393.275
-393.586
-393.897
-394.208
-394.519
-394.831
-395.142
-395.454
-395.766
-396.078
-396.39
-396.702
-397.014
-397.326
-397.639
-397.951
-398.264
-398.577
-398.89
-399.203
-399.516
-399.829
-400.143
-400.456
-400.77
-401.083
-401.397
-401.711
-402.025
-402.339
-402.654
-402.968
-403.282
-403.597
-403.912
-404.227
-404.542
-404.857
-405.172
-405.487
-405.803
-406.118
-406.434
-406.75
-407.066
-407.382
-407.698
-408.014
-408.33
-408.647
-408.963
-409.28
-409.597
-409.914
-410.231
-410.548
-410.865
-411.183
-411.5
-411.818
-412.136
-412.454
-412.772
-413.09
-413.408
-413.726
-414.045
-414.364
-414.682
-415.001
-415.32
-415.639
-415.958
-416.278
-416.597
-416.917
-417.236
-417.556
-417.876
-418.196
-418.516
-418.837
-419.157
-419.478
-419.798
-420.119
-420.44
-420.761
-421.082
-421.403
-421.725
-422.046
-422.368
-422.69
-423.012
-423.334
-423.656
-423.978
-424.3
-424.623
-424.945
-425.268
-425.591
-425.914
-426.237
-426.56
-426.884
-427.207
-427.531
-427.855
-428.179
-428.503
-428.827
-429.151
-429.475
-429.8
-430.124
-430.449
-430.774
-431.099
-431.424
-431.749
-432.075
-432.4
-432.726
-433.052
-433.378
-433.704
-434.03
-434.356
-434.683
-435.009
-435.336
-435.663
-435.99
-436.317
-436.644
-436.971
-437.299
-437.626
-437.954
-438.282
-438.61
-438.938
-439.266
-439.594
-439.923
-440.251
-440.58
-440.909
-441.238
-441.567
-441.896
-442.226
-442.555
-442.885
-443.215
-443.545
-443.875
-444.205
-444.535
-444.866
-445.196
-445.527
-445.858
-446.189
-446.52
-446.851
-447.183
-447.514
-447.846
-448.178
-448.51
-448.842
-449.174
-449.506
-449.839
-450.171
-450.504
-450.837
-451.17
-451.503
-451.837
-452.17
-452.504
-452.837
-453.171
-453.505
-453.839
-454.173
-454.508
-454.842
-455.177
-455.512
-455.847
-456.182
-456.517
-456.852
-457.188
-457.523
-457.859
-458.195
-458.531
-458.867
-459.204
-459.54
-459.877
-460.214
-460.55
-460.887
-461.225
-461.562
-461.899
-462.237
-462.575
-462.913
-463.251
-463.589
-463.927
-464.266
-464.604
-464.943
-465.282
-465.621
-465.96
-466.299
-466.639
-466.978
-467.318
-467.658
-467.998
-468.338
-468.678
-469.019
-469.359
-469.7
-470.041
-470.382
-470.723
-471.064
-471.406
-471.748
-472.089
-472.431
-472.773
-473.115
-473.458
-473.8
-474.143
-474.486
-474.829
-475.172
-475.515
-475.858
-476.202
-476.545
-476.889
-477.233
-477.577
-477.922
-478.266
-478.611
-478.955
-479.3
-479.645
-479.99
-480.336
-480.681
-481.027
-481.372
-481.718
-482.064
-482.411
-482.757
-483.104
-483.45
-483.797
-484.144
-484.491
-484.838
-485.186
-485.533
-485.881
-486.229
-486.577
-486.925
-487.274
-487.622
-487.971
-488.32
-488.668
-489.018
-489.367
-489.716
-490.066
-490.416
-490.765
-491.116
-491.466
-491.816
-492.167
-492.517
-492.868
-493.219
-493.57
-493.922
-494.273
-494.625
-494.976
-495.328
-495.68
-496.033
-496.385
-496.738
-497.09
-497.443
-497.796
-498.149
-498.503
-498.856
-499.21
-499.564
-499.918
-500.272
-500.626
-500.981
-501.335
-501.69
-502.045
-502.4
-502.755
-503.111
-503.466
-503.822
-504.178
-504.534
-504.891
-505.247
-505.603
-505.96
-506.317
-506.674
-507.031
-507.389
-507.746
-508.104
-508.462
-508.82
-509.178
-509.537
-509.895
-510.254
-510.613
-510.972
-511.331
-511.69
-512.05
-512.41
-512.77
-513.13
-513.49
-513.85
-514.211
-514.571
-514.932
-515.293
-515.655
-516.016
-516.378
-516.739
-517.101
-517.463
-517.825
-518.188
-518.55
-518.913
-519.276
-519.639
-520.002
-520.366
-520.73
-521.093
-521.457
-521.821
-522.186
-522.55
-522.915
-523.28
-523.644
-524.01
-524.375
-524.74
-525.106
-525.472
-525.838
-526.204
-526.571
-526.937
-527.304
-527.671
-528.038
-528.405
-528.772
-529.14
-529.508
-529.876
-530.244
-530.612
-530.981
-531.349
-531.718
-532.087
-532.456
-532.826
-533.195
-533.565
-533.935
-534.305
-534.675
-535.046
-535.416
-535.787
-536.158
-536.529
-536.9
-537.272
-537.644
-538.016
-538.388
-538.76
-539.132
-539.505
-539.878
-540.251
-540.624
-540.997
-541.371
-541.744
-542.118
-542.492
-542.867
-543.241
-543.616
-543.99
-544.365
-544.741
-545.116
-545.491
-545.867
-546.243
-546.619
-546.995
-547.372
-547.749
-548.125
-548.502
-548.88
-549.257
-549.635
-550.012
-550.39
-550.769
-551.147
-551.525
-551.904
-552.283
-552.662
-553.041
-553.421
-553.801
-554.181
-554.561
-554.941
-555.321
-555.702
-556.083
-556.464
-556.845
-557.226
-557.608
-557.99
-558.372
-558.754
-559.136
-559.519
-559.901
-560.284
-560.668
-561.051
-561.434
-561.818
-562.202
-562.586
-562.97
-563.355
-563.74
-564.125
-564.51
-564.895
-565.28
-565.666
-566.052
-566.438
-566.824
-567.211
-567.597
-567.984
-568.371
-568.759
-569.146
-569.534
-569.922
-570.31
-570.698
-571.086
-571.475
-571.864
-572.253
-572.642
-573.032
-573.422
-573.811
-574.201
-574.592
-574.982
-575.373
-575.764
-576.155
-576.546
-576.938
-577.329
-577.721
-578.113
-578.506
-578.898
-579.291
-579.684
-580.077
-580.471
-580.864
-581.258
-581.652
-582.046
-582.44
-582.835
-583.23
-583.625
-584.02
-584.416
-584.811
-585.207
-585.603
-585.999
-586.396
-586.793
-587.189
-587.587
-587.984
-588.381
-588.779
-589.177
-589.575
-589.974
-590.372
-590.771
-591.17
-591.569
-591.969
-592.369
-592.768
-593.169
-593.569
-593.969
-594.37
-594.771
-595.172
-595.574
-595.975
-596.377
-596.779
-597.181
-597.584
-597.987
-598.389
-598.793
-599.196
-599.6
-600.003
-600.407
-600.812
-601.216
-601.621
-602.026
-602.431
-602.836
-603.242
-603.647
-604.053
-604.459
-604.866
-605.273
-605.679
-606.087
-606.494
-606.901
-607.309
-607.717
-608.125
-608.534
-608.943
-609.352
-609.761
-610.17
-610.58
-610.989
-611.399
-611.81
-612.22
-612.631
-613.042
-613.453
-613.864
-614.276
-614.688
-615.1
-615.512
-615.925
-616.338
-616.751
-617.164
-617.577
-617.991
-618.405
-618.819
-619.234
-619.648
-620.063
-620.478
-620.893
-621.309
-621.725
-622.141
-622.557
-622.974
-623.39
-623.807
-624.224
-624.642
-625.06
-625.478
-625.896
-626.314
-626.733
-627.152
-627.571
-627.99
-628.41
-628.829
-629.249
-629.67
-630.09
-630.511
-630.932
-631.353
-631.775
-632.196
-632.618
-633.041
-633.463
-633.886
-634.309
-634.732
-635.155
-635.579
-636.003
-636.427
-636.852
-637.276
-637.701
-638.126
-638.552
-638.977
-639.403
-639.829
-640.256
-640.682
-641.109
-641.536
-641.964
-642.391
-642.819
-643.247
-643.676
-644.104
-644.533
-644.962
-645.392
-645.821
-646.251
-646.681
-647.112
-647.542
-647.973
-648.404
-648.836
-649.267
-649.699
-650.131
-650.564
-650.996
-651.429
-651.862
-652.296
-652.729
-653.163
-653.597
-654.032
-654.467
-654.902
-655.337
-655.772
-656.208
-656.644
-657.08
-657.517
-657.954
-658.391
-658.828
-659.265
-659.703
-660.141
-660.58
-661.018
-661.457
-661.896
-662.336
-662.775
-663.215
-663.655
-664.096
-664.537
-664.978
-665.419
-665.86
-666.302
-666.744
-667.186
-667.629
-668.072
-668.515
-668.958
-669.402
-669.846
-670.29
-670.734
-671.179
-671.624
-672.069
-672.515
-672.961
-673.407
-673.853
-674.3
-674.747
-675.194
-675.641
-676.089
-676.537
-676.985
-677.434
-677.883
-678.332
-678.781
-679.231
-679.681
-680.131
-680.581
-681.032
-681.483
-681.935
-682.386
-682.838
-683.29
-683.743
-684.195
-684.648
-685.102
-685.555
-686.009
-686.463
-686.917
-687.372
-687.827
-688.282
-688.738
-689.194
-689.65
-690.106
-690.563
-691.02
-691.477
-691.935
-692.392
-692.851
-693.309
-693.768
-694.227
-694.686
-695.145
-695.605
-696.065
-696.526
-696.986
-697.447
-697.909
-698.37
-698.832
-699.294
-699.757
-700.22
-700.683
-701.146
-701.61
-702.073
-702.538
-703.002
-703.467
-703.932
-704.398
-704.863
-705.329
-705.796
-706.262
-706.729
-707.196
-707.664
-708.131
-708.6
-709.068
-709.537
-710.006
-710.475
-710.945
-711.414
-711.885
-712.355
-712.826
-713.297
-713.769
-714.24
-714.712
-715.185
-715.657
-716.13
-716.603
-717.077
-717.551
-718.025
-718.5
-718.974
-719.449
-719.925
-720.401
-720.877
-721.353
-721.83
-722.307
-722.784
-723.261
-723.739
-724.218
-724.696
-725.175
-725.654
-726.134
-726.613
-727.094
-727.574
-728.055
-728.536
-729.017
-729.499
-729.981
-730.463
-730.946
-731.429
-731.912
-732.396
-732.88
-733.364
-733.849
-734.333
-734.819
-735.304
-735.79
-736.276
-736.763
-737.25
-737.737
-738.224
-738.712
-739.2
-739.689
-740.177
-740.667
-741.156
-741.646
-742.136
-742.626
-743.117
-743.608
-744.1
-744.592
-745.084
-745.576
-746.069
-746.562
-747.055
-747.549
-748.043
-748.538
-749.032
-749.528
-750.023
-750.519
-751.015
-751.511
-752.008
-752.505
-753.003
-753.5
-753.999
-754.497
-754.996
-755.495
-755.995
-756.495
-756.995
-757.495
-757.996
-758.497
-758.999
-759.501
-760.003
-760.506
-761.009
-761.512
-762.016
-762.52
-763.024
-763.529
-764.034
-764.539
-765.045
-765.551
-766.057
-766.564
-767.071
-767.579
-768.087
-768.595
-769.104
-769.612
-770.122
-770.631
-771.141
-771.652
-772.162
-772.673
-773.185
-773.697
-774.209
-774.721
-775.234
-775.747
-776.261
-776.775
-777.289
-777.804
-778.319
-778.834
-779.35
-779.866
-780.383
-780.899
-781.417
-781.934
-782.452
-782.97
-783.489
-784.008
-784.528
-785.047
-785.567
-786.088
-786.609
-787.13
-787.652
-788.174
-788.696
-789.219
-789.742
-790.266
-790.789
-791.314
-791.838
-792.363
-792.889
-793.415
-793.941
-794.467
-794.994
-795.521
-796.049
-796.577
-797.105
-797.634
-798.163
-798.693
-799.223
-799.753
-800.284
-800.815
-801.347
-801.879
-802.411
-802.943
-803.476
-804.01
-804.544
-805.078
-805.613
-806.148
-806.683
-807.219
-807.755
-808.291
-808.828
-809.366
-809.903
-810.442
-810.98
-811.519
-812.058
-812.598
-813.138
-813.679
-814.22
-814.761
-815.303
-815.845
-816.387
-816.93
-817.473
-818.017
-818.561
-819.106
-819.651
-820.196
-820.742
-821.288
-821.834
-822.381
-822.929
-823.477
-824.025
-824.573
-825.122
-825.672
-826.222
-826.772
-827.323
-827.874
-828.425
-828.977
-829.529
-830.082
-830.635
-831.189
-831.743
-832.297
-832.852
-833.407
-833.963
-834.519
-835.075
-835.632
-836.19
-836.747
-837.305
-837.864
-838.423
-838.983
-839.542
-840.103
-840.663
-841.225
-841.786
-842.348
-842.911
-843.474
-844.037
-844.601
-845.165
-845.729
-846.294
-846.86
-847.426
-847.992
-848.559
-849.126
-849.694
-850.262
-850.83
-851.399
-851.969
-852.538
-853.109
-853.679
-854.251
-854.822
-855.394
-855.967
-856.54
-857.113
-857.687
-858.261
-858.836
-859.411
-859.987
-860.563
-861.139
-861.716
-862.294
-862.871
-863.45
-864.029
-864.608
-865.187
-865.768
-866.348
-866.929
-867.511
-868.093
-868.675
-869.258
-869.841
-870.425
-871.009
-871.594
-872.179
-872.765
-873.351
-873.938
-874.525
-875.112
-875.7
-876.289
-876.877
-877.467
-878.057
-878.647
-879.238
-879.829
-880.421
-881.013
-881.606
-882.199
-882.792
-883.386
-883.981
-884.576
-885.172
-885.768
-886.364
-886.961
-887.559
-888.156
-888.755
-889.354
-889.953
-890.553
-891.153
-891.754
-892.355
-892.957
-893.559
-894.162
-894.766
-895.369
-895.974
-896.578
-897.183
-897.789
-898.395
-899.002
-899.609
-900.217
-900.825
-901.434
-902.043
-902.653
-903.263
-903.874
-904.485
-905.096
-905.709
-906.321
-906.935
-907.548
-908.162
-908.777
-909.392
-910.008
-910.624
-911.241
-911.858
-912.476
-913.094
-913.713
-914.332
-914.952
-915.573
-916.193
-916.815
-917.437
-918.059
-918.682
-919.305
-919.929
-920.554
-921.179
-921.804
-922.43
-923.057
-923.684
-924.312
-924.94
-925.568
-926.198
-926.827
-927.458
-928.088
-928.72
-929.352
-929.984
-930.617
-931.25
-931.884
-932.519
-933.154
-933.79
-934.426
-935.062
-935.7
-936.337
-936.976
-937.614
-938.254
-938.894
-939.534
-940.175
-940.817
-941.459
-942.102
-942.745
-943.389
-944.033
-944.678
-945.323
-945.969
-946.616
-947.263
-947.91
-948.559
-949.207
-949.857
-950.506
-951.157
-951.808
-952.459
-953.112
-953.764
-954.417
-955.071
-955.726
-956.381
-957.036
-957.692
-958.349
-959.006
-959.664
-960.322
-960.981
-961.641
-962.301
-962.961
-963.623
-964.285
-964.947
-965.61
-966.273
-966.938
-967.602
-968.268
-968.934
-969.6
-970.267
-970.935
-971.603
-972.272
-972.941
-973.611
-974.282
-974.953
-975.625
-976.297
-976.97
-977.644
-978.318
-978.993
-979.668
-980.344
-981.021
-981.698
-982.376
-983.054
-983.733
-984.413
-985.093
-985.774
-986.455
-987.137
-987.82
-988.503
-989.187
-989.872
-990.557
-991.242
-991.929
-992.616
-993.303
-993.991
-994.68
-995.37
-996.06
-996.75
-997.442
-998.134
-998.826
-999.519
-1000.21
-1000.91
-1001.6
-1002.3
-1002.99
-1003.69
-1004.39
-1005.09
-1005.79
-1006.49
-1007.19
-1007.89
-1008.59
-1009.29
-1009.99
-1010.7
-1011.4
-1012.11
-1012.81
-1013.52
-1014.22
-1014.93
-1015.64
-1016.35
-1017.06
-1017.77
-1018.48
-1019.19
-1019.9
-1020.61
-1021.33
-1022.04
-1022.75
-1023.47
-1024.18
-1024.9
-1025.62
-1026.34
-1027.05
-1027.77
-1028.49
-1029.21
-1029.94
-1030.66
-1031.38
-1032.1
-1032.83
-1033.55
-1034.28
-1035
-1035.73
-1036.46
-1037.18
-1037.91
-1038.64
-1039.37
-1040.1
-1040.83
-1041.57
-1042.3
-1043.03
-1043.77
-1044.5
-1045.24
-1045.97
-1046.71
-1047.45
-1048.19
-1048.93
-1049.67
-1050.41
-1051.15
-1051.89
-1052.63
-1053.38
-1054.12
-1054.86
-1055.61
-1056.36
-1057.1
-1057.85
-1058.6
-1059.35
-1060.1
-1060.85
-1061.6
-1062.35
-1063.1
-1063.86
-1064.61
-1065.37
-1066.12
-1066.88
-1067.63
-1068.39
-1069.15
-1069.91
-1070.67
-1071.43
-1072.19
-1072.95
-1073.72
-1074.48
-1075.25
-1076.01
-1076.78
-1077.54
-1078.31
-1079.08
-1079.85
-1080.62
-1081.39
-1082.16
-1082.93
-1083.7
-1084.48
-1085.25
-1086.03
-1086.8
-1087.58
-1088.36
-1089.13
-1089.91
-1090.69
-1091.47
-1092.25
-1093.04
-1093.82
-1094.6
-1095.39
-1096.17
-1096.96
-1097.74
-1098.53
-1099.32
-1100.11
-1100.9
-1101.69
-1102.48
-1103.27
-1104.07
-1104.86
-1105.65
-1106.45
-1107.24
-1108.04
-1108.84
-1109.64
-1110.44
-1111.24
-1112.04
-1112.84
-1113.64
-1114.45
-1115.25
-1116.05
-1116.86
-1117.67
-1118.47
-1119.28
-1120.09
-1120.9
-1121.71
-1122.52
-1123.34
-1124.15
-1124.96
-1125.78
-1126.59
-1127.41
-1128.23
-1129.05
-1129.87
-1130.69
-1131.51
-1132.33
-1133.15
-1133.97
-1134.8
-1135.62
-1136.45
-1137.28
-1138.1
-1138.93
-1139.76
-1140.59
-1141.42
-1142.25
-1143.09
-1143.92
-1144.75
-1145.59
-1146.43
-1147.26
-1148.1
-1148.94
-1149.78
-1150.62
-1151.46
-1152.3
-1153.15
-1153.99
-1154.84
-1155.68
-1156.53
-1157.38
-1158.22
-1159.07
-1159.92
-1160.77
-1161.63
-1162.48
-1163.33
-1164.19
-1165.04
-1165.9
-1166.76
-1167.62
-1168.48
-1169.34
-1170.2
-1171.06
-1171.92
-1172.79
-1173.65
-1174.52
-1175.38
-1176.25
-1177.12
-1177.99
-1178.86
-1179.73
-1180.6
-1181.48
-1182.35
-1183.23
-1184.1
-1184.98
-1185.86
-1186.73
-1187.61
-1188.5
-1189.38
-1190.26
-1191.14
-1192.03
-1192.91
-1193.8
-1194.69
-1195.58
-1196.46
-1197.36
-1198.25
-1199.14
-1200.03
-1200.93
-1201.82
-1202.72
-1203.61
-1204.51
-1205.41
-1206.31
-1207.21
-1208.12
-1209.02
-1209.92
-1210.83
-1211.73
-1212.64
-1213.55
-1214.46
-1215.37
-1216.28
-1217.19
-1218.1
-1219.02
-1219.93
-1220.85
-1221.77
-1222.68
-1223.6
-1224.52
