0
0.0204832
0.0410223
0.0616177
0.0822698
0.102979
0.123745
0.144569
0.165451
0.186392
0.207391
0.22845
0.249568
0.270745
0.291983
0.313282
0.334641
0.356062
0.377545
0.399089
0.420696
0.442365
0.464098
0.485894
0.507754
0.529678
0.551667
0.573721
0.59584
0.618025
0.640276
0.662593
0.684977
0.707428
0.729947
0.752533
0.775188
0.797912
0.820705
0.843567
0.866498
0.8895
0.912573
0.935716
0.958931
0.982217
1.00558
1.02901
1.05251
1.07609
1.09974
1.12346
1.14726
1.17113
1.19508
1.21911
1.24321
1.26738
1.29164
1.31597
1.34037
1.36486
1.38942
1.41406
1.43878
1.46358
1.48846
1.51342
1.53846
1.56359
1.58879
1.61407
1.63944
1.66489
1.69042
1.71604
1.74174
1.76752
1.79339
1.81934
1.84538
1.8715
1.89771
1.924
1.95039
1.97686
2.00341
2.03006
2.05679
2.08362
2.11053
2.13753
2.16462
2.1918
2.21908
2.24644
2.2739
2.30145
2.32909
2.35682
2.38465
2.41257
2.44058
2.46869
2.4969
2.5252
2.55359
2.58208
2.61067
2.63936
2.66814
2.69702
2.726
2.75507
2.78425
2.81353
2.8429
2.87238
2.90195
2.93163
2.96141
2.99129
3.02128
3.05136
3.08155
3.11184
3.14224
3.17274
3.20335
3.23406
3.26488
3.2958
3.32683
3.35797
3.38921
3.42057
3.45203
3.4836
3.51528
3.54706
3.57896
3.61097
3.64309
3.67532
3.70766
3.74012
3.77268
3.80536
3.83816
3.87106
3.90408
3.93722
3.97047
4.00384
4.03732
4.07092
4.10463
4.13846
4.17241
4.20648
4.24067
4.27497
4.3094
4.34394
4.37861
4.4134
4.4483
4.48333
4.51848
4.55376
4.58915
4.62467
4.66031
4.69608
4.73197
4.76799
4.80413
4.8404
4.87679
4.91332
4.94996
4.98674
5.02365
5.06068
5.09784
5.13513
5.17255
5.21011
5.24779
5.2856
5.32355
5.36163
5.39984
5.43818
5.47666
5.51527
5.55401
5.59289
5.63191
5.67106
5.71035
5.74977
5.78933
5.82903
5.86886
5.90884
5.94895
5.9892
6.0296
6.07013
6.1108
6.15162
6.19257
6.23367
6.27491
6.31629
6.35782
6.39949
6.4413
6.48326
6.52536
6.56761
6.61001
6.65255
6.69524
6.73808
6.78106
6.8242
6.86748
6.91091
6.95449
6.99822
7.0421
7.08613
7.13032
7.17465
7.21914
7.26378
7.30858
7.35353
7.39863
7.44389
7.4893
7.53487
7.5806
7.62648
7.67252
7.71871
7.76507
7.81158
7.85825
7.90508
7.95207
7.99922
8.04653
8.09401
8.14164
8.18944
8.2374
8.28552
8.33381
8.38226
8.43087
8.47965
8.5286
8.57771
8.62698
8.67643
8.72604
8.77582
8.82577
8.87588
8.92617
8.97662
9.02725
9.07804
9.12901
9.18015
9.23146
9.28294
9.3346
9.38643
9.43843
9.49061
9.54296
9.59549
9.64819
9.70107
9.75413
9.80737
9.86078
9.91437
9.96814
10.0221
10.0762
10.1305
10.185
10.2397
10.2945
10.3496
10.4048
10.4602
10.5158
10.5715
10.6275
10.6836
10.7399
10.7964
10.8531
10.91
10.9671
11.0243
11.0818
11.1394
11.1972
11.2552
11.3134
11.3718
11.4304
11.4892
11.5481
11.6073
11.6666
11.7262
11.7859
11.8459
11.906
11.9663
12.0268
12.0875
12.1485
12.2096
12.2709
12.3324
12.3941
12.456
12.5181
12.5804
12.6429
12.7056
12.7685
12.8316
12.8949
12.9585
13.0222
13.0861
13.1502
13.2146
13.2791
13.3439
13.4088
13.474
13.5393
13.6049
13.6707
13.7367
13.8029
13.8693
13.9359
14.0028
14.0698
14.1371
14.2046
14.2722
14.3401
14.4083
14.4766
14.5451
14.6139
14.6829
14.7521
14.8215
14.8911
14.9609
15.031
15.1013
15.1718
15.2425
15.3135
15.3846
15.456
15.5276
15.5994
15.6715
15.7438
15.8163
15.889
15.9619
16.0351
16.1085
16.1822
16.256
16.3301
16.4044
16.4789
16.5537
16.6287
16.7039
16.7794
16.8551
16.931
17.0072
17.0836
17.1602
17.237
17.3141
17.3914
17.469
17.5468
17.6248
17.7031
17.7816
17.8603
17.9393
18.0185
18.098
18.1777
18.2576
18.3378
18.4182
18.4989
18.5798
18.6609
18.7423
18.824
18.9058
18.9879
19.0703
19.1529
19.2358
19.3189
19.4023
19.4859
19.5697
19.6538
19.7382
19.8228
19.9076
19.9927
20.0781
20.1637
20.2495
20.3356
20.422
20.5086
20.5955
20.6826
20.77
20.8576
20.9455
21.0337
21.1221
21.2107
21.2997
21.3889
21.4783
21.568
21.658
21.7482
21.8387
21.9294
22.0205
22.1117
22.2033
22.2951
22.3872
22.4795
22.5721
22.665
22.7581
22.8515
22.9452
23.0391
23.1333
23.2278
23.3226
23.4176
23.5129
23.6084
23.7043
23.8004
23.8968
23.9934
24.0904
24.1876
24.285
24.3828
24.4808
24.5791
24.6777
24.7766
24.8757
24.9752
25.0749
25.1748
25.2751
25.3757
25.4765
25.5776
25.679
25.7807
25.8826
25.9849
26.0874
26.1902
26.2933
26.3967
26.5004
26.6043
26.7086
26.8131
26.9179
27.023
27.1285
27.2341
27.3401
27.4464
27.553
27.6599
27.767
27.8745
27.9822
28.0903
28.1986
28.3072
28.4162
28.5254
28.6349
28.7447
28.8549
28.9653
29.076
29.187
29.2984
29.41
29.5219
29.6341
29.7467
29.8595
29.9726
30.0861
30.1998
30.3139
30.4283
30.5429
30.6579
30.7732
30.8888
31.0047
31.1209
31.2374
31.3543
31.4714
31.5889
31.7066
31.8247
31.9431
32.0618
32.1808
32.3002
32.4198
32.5398
32.6601
32.7807
32.9016
33.0228
33.1444
33.2663
33.3885
33.511
33.6338
33.757
33.8805
34.0043
34.1284
34.2529
34.3776
34.5027
34.6282
34.7539
34.88
35.0064
35.1331
35.2602
35.3876
35.5153
35.6434
35.7717
35.9005
36.0295
36.1589
36.2886
36.4186
36.549
36.6797
36.8107
36.9421
37.0738
37.2059
37.3383
37.471
37.6041
37.7375
37.8712
38.0053
38.1397
38.2745
38.4096
38.545
38.6808
38.8169
38.9534
39.0902
39.2274
39.3649
39.5028
39.641
39.7795
39.9184
40.0577
40.1973
40.3372
40.4775
40.6181
40.7591
40.9005
41.0422
41.1842
41.3266
41.4694
41.6125
41.756
41.8998
42.044
42.1885
42.3334
42.4786
42.6242
42.7702
42.9165
43.0632
43.2103
43.3577
43.5054
43.6536
43.8021
43.9509
44.1001
44.2497
44.3997
44.55
44.7007
44.8517
45.0032
45.1549
45.3071
45.4596
45.6125
45.7658
45.9194
46.0734
46.2278
46.3825
46.5377
46.6931
46.849
47.0053
47.1619
47.3189
47.4762
47.634
47.7921
47.9506
48.1095
48.2688
48.4284
48.5884
48.7488
48.9096
49.0708
49.2324
49.3943
49.5566
49.7193
49.8824
50.0459
50.2097
50.374
50.5386
50.7036
50.8691
51.0349
51.201
51.3676
51.5346
51.702
51.8697
52.0379
52.2064
52.3753
52.5447
52.7144
52.8845
53.055
53.2259
53.3972
53.569
53.7411
53.9136
54.0865
54.2598
54.4335
54.6076
54.7821
54.957
55.1323
55.308
55.4842
55.6607
55.8376
56.015
56.1927
56.3709
56.5494
56.7284
56.9078
57.0876
57.2678
57.4484
57.6294
57.8108
57.9927
58.1749
58.3576
58.5407
58.7242
58.9081
59.0924
59.2772
59.4624
59.6479
59.8339
60.0204
60.2072
60.3945
60.5822
60.7703
60.9588
61.1477
61.3371
61.5269
61.7171
61.9078
62.0988
62.2903
62.4823
62.6746
62.8674
63.0606
63.2542
63.4483
63.6428
63.8377
64.0331
64.2289
64.4251
64.6218
64.8189
65.0164
65.2144
65.4128
65.6116
65.8109
66.0106
66.2107
66.4113
66.6123
66.8138
67.0157
67.218
67.4208
67.6241
67.8277
68.0319
68.2364
68.4414
68.6469
68.8528
69.0591
69.2659
69.4732
69.6809
69.889
70.0976
70.3066
70.5161
70.726
70.9364
71.1473
71.3586
71.5703
71.7825
71.9952
72.2083
72.4219
72.6359
72.8504
73.0654
73.2808
73.4966
73.713
73.9298
74.147
74.3647
74.5829
74.8015
75.0206
75.2402
75.4602
75.6807
75.9017
76.1231
76.345
76.5674
76.7902
77.0135
77.2373
77.4615
77.6862
77.9114
78.1371
78.3632
78.5898
78.8169
79.0444
79.2725
79.501
79.7299
79.9594
80.1893
80.4197
80.6506
80.882
81.1139
81.3462
81.579
81.8123
82.0461
82.2804
82.5151
82.7504
82.9861
83.2223
83.459
83.6962
83.9338
84.172
84.4106
84.6498
84.8894
85.1295
85.3701
85.6112
85.8528
86.0949
86.3375
86.5806
86.8241
87.0682
87.3128
87.5578
87.8034
88.0495
88.296
88.5431
88.7906
89.0387
89.2873
89.5363
89.7859
90.036
90.2865
90.5376
90.7892
91.0413
91.2939
91.547
91.8006
92.0548
92.3094
92.5645
92.8202
93.0764
93.333
93.5902
93.8479
94.1061
94.3649
94.6241
94.8839
95.1442
95.405
95.6663
95.9281
96.1905
96.4533
96.7167
96.9806
97.2451
97.51
97.7755
98.0415
98.308
98.5751
98.8427
99.1108
99.3794
99.6486
99.9183
100.188
100.459
100.73
101.002
101.275
101.547
101.821
102.095
102.369
102.644
102.92
103.196
103.473
103.75
104.027
104.306
104.584
104.864
105.143
105.424
105.705
105.986
106.268
106.551
106.834
107.118
107.402
107.686
107.972
108.258
108.544
108.831
109.118
109.406
109.695
109.984
110.274
110.564
110.855
111.146
111.438
111.73
112.023
112.317
112.611
112.906
113.201
113.497
113.793
114.09
114.388
114.686
114.984
115.283
115.583
115.883
116.184
116.486
116.788
117.09
117.393
117.697
118.001
118.306
118.612
118.918
119.224
119.531
119.839
120.147
120.456
120.765
121.075
121.386
121.697
122.009
122.321
122.634
122.948
123.262
123.576
123.891
124.207
124.524
124.841
125.158
125.476
125.795
126.114
126.434
126.755
127.076
127.397
127.72
128.043
128.366
128.69
129.015
129.34
129.666
129.992
130.319
130.647
130.975
131.304
131.633
131.963
132.293
132.625
132.956
133.289
133.622
133.955
134.29
134.624
134.96
135.296
135.632
135.97
136.307
136.646
136.985
137.325
137.665
138.006
138.347
138.689
139.032
139.375
139.719
140.064
140.409
140.755
141.101
141.448
141.796
142.144
142.493
142.843
143.193
143.543
143.895
144.247
144.599
144.953
145.307
145.661
146.016
146.372
146.728
147.085
147.443
147.801
148.16
148.52
148.88
149.241
149.602
149.964
150.327
150.69
151.054
151.419
151.784
152.15
152.517
152.884
153.252
153.62
153.989
154.359
154.729
155.1
155.472
155.844
156.217
156.591
156.965
157.34
157.716
158.092
158.469
158.846
159.224
159.603
159.983
160.363
160.744
161.125
161.507
161.89
162.273
162.657
163.042
163.428
163.814
164.2
164.588
164.976
165.364
165.754
166.144
166.535
166.926
167.318
167.711
168.104
168.498
168.893
169.288
169.684
170.081
170.478
170.876
171.275
171.675
172.075
172.475
172.877
173.279
173.682
174.085
174.489
174.894
175.3
175.706
176.113
176.52
176.929
177.338
177.747
178.158
178.569
178.98
179.393
179.806
180.22
180.634
181.049
181.465
181.882
182.299
182.717
183.135
183.555
183.975
184.395
184.817
185.239
185.662
186.085
186.509
186.934
187.36
187.786
188.213
188.641
189.069
189.499
189.928
190.359
190.79
191.222
191.655
192.088
192.522
192.957
193.393
193.829
194.266
194.704
195.142
195.581
196.021
196.461
196.903
197.345
197.787
198.231
198.675
199.12
199.565
200.012
200.459
200.906
201.355
201.804
202.254
202.705
203.156
203.608
204.061
204.515
204.969
205.424
205.88
206.336
206.794
207.252
207.71
208.17
208.63
209.091
209.553
210.015
210.478
210.942
211.407
211.872
212.338
212.805
213.273
213.741
214.211
214.68
215.151
215.622
216.095
216.567
217.041
217.515
217.991
218.466
218.943
219.42
219.899
220.378
220.857
221.338
221.819
222.301
222.784
223.267
223.751
224.236
224.722
225.208
225.696
226.184
226.673
227.162
227.653
228.144
228.636
229.128
229.622
230.116
230.611
231.107
231.603
232.101
232.599
233.098
233.597
234.098
234.599
235.101
235.604
236.107
236.611
237.117
237.622
238.129
238.637
239.145
239.654
240.164
240.674
241.186
241.698
242.211
242.725
243.239
243.755
244.271
244.788
245.305
245.824
246.343
246.864
247.384
247.906
248.429
248.952
249.476
250.001
250.527
251.053
251.581
252.109
252.638
253.168
253.698
254.23
254.762
255.295
255.829
256.363
256.899
257.435
257.972
258.51
259.049
259.588
260.129
260.67
261.212
261.755
262.298
262.843
263.388
263.934
264.481
265.029
265.577
266.127
266.677
267.228
267.78
268.332
268.886
269.44
269.996
270.552
271.108
271.666
272.225
272.784
273.344
273.905
274.467
275.03
275.593
276.158
276.723
277.289
277.856
278.424
278.992
279.562
280.132
280.703
281.275
281.848
282.422
282.997
283.572
284.148
284.725
285.303
285.882
286.462
287.042
287.624
288.206
288.789
289.373
289.958
290.543
291.13
291.717
292.306
292.895
293.485
294.076
294.667
295.26
295.853
296.448
297.043
297.639
298.236
298.834
299.433
300.032
300.633
301.234
301.836
302.439
303.043
303.648
304.254
304.86
305.468
306.076
306.685
307.295
307.906
308.518
309.131
309.745
310.359
310.975
311.591
312.208
312.826
313.445
314.065
314.686
315.308
315.93
316.554
317.178
317.803
318.429
319.057
319.685
320.313
320.943
321.574
322.205
322.838
323.471
324.106
324.741
325.377
326.014
326.652
327.291
327.93
328.571
329.213
329.855
330.499
331.143
331.788
332.434
333.081
333.729
334.378
335.028
335.679
336.33
336.983
337.637
338.291
338.946
339.603
340.26
340.918
341.577
342.237
342.898
343.56
344.223
344.886
345.551
346.217
346.883
347.551
348.219
348.888
349.559
350.23
350.902
351.575
352.249
352.924
353.6
354.277
354.955
355.634
356.314
356.994
357.676
358.358
359.042
359.726
360.412
361.098
361.786
362.474
363.163
363.853
364.544
365.237
365.93
366.624
367.319
368.015
368.712
369.41
370.108
370.808
371.509
372.211
372.914
373.617
374.322
375.028
375.734
376.442
377.15
377.86
378.57
379.282
379.994
380.708
381.422
382.138
382.854
383.571
384.29
385.009
385.729
386.451
387.173
387.896
388.62
389.346
390.072
390.799
391.527
392.257
392.987
393.718
394.45
395.183
395.917
396.653
397.389
398.126
398.864
399.603
400.344
401.085
401.827
402.57
403.314
404.059
404.806
405.553
406.301
407.05
407.801
408.552
409.304
410.057
410.812
411.567
412.323
413.081
413.839
414.598
415.359
416.12
416.883
417.646
418.411
419.176
419.943
420.71
421.479
422.248
423.019
423.791
424.563
425.337
426.112
426.888
427.665
428.442
429.221
430.001
430.782
431.564
432.347
433.131
433.917
434.703
435.49
436.278
437.068
437.858
438.649
439.442
440.235
441.03
441.825
442.622
443.42
444.218
445.018
445.819
446.621
447.424
448.228
449.033
449.839
450.647
451.455
452.264
453.074
453.886
454.698
455.512
456.327
457.142
457.959
458.777
459.596
460.416
461.237
462.059
462.882
463.707
464.532
465.359
466.186
467.015
467.844
468.675
469.507
470.34
471.174
472.009
472.845
473.682
474.521
475.36
476.201
477.042
477.885
478.729
479.574
480.42
481.267
482.115
482.964
483.815
484.666
485.519
486.372
487.227
488.083
488.94
489.798
490.657
491.518
492.379
493.241
494.105
494.97
495.836
496.703
497.571
498.44
499.31
500.181
501.054
501.928
502.802
503.678
504.555
505.433
506.313
507.193
508.074
508.957
509.841
510.726
511.611
512.499
513.387
514.276
515.167
516.058
516.951
517.845
518.74
519.636
520.533
521.432
522.331
523.232
524.134
525.037
525.941
526.846
527.753
528.66
529.569
530.479
531.39
532.302
533.216
534.13
535.046
535.962
536.88
537.799
538.72
539.641
540.564
541.487
542.412
543.338
544.265
545.194
546.123
547.054
547.986
548.919
549.853
550.788
551.725
552.663
553.602
554.542
555.483
556.425
557.369
558.313
559.259
560.206
561.155
562.104
563.055
564.007
564.96
565.914
566.869
567.826
568.784
569.742
570.703
571.664
572.626
573.59
574.555
575.521
576.488
577.457
578.426
579.397
580.369
581.343
582.317
583.293
584.27
585.248
586.227
587.208
588.189
589.172
590.156
591.142
592.128
593.116
594.105
595.095
596.086
597.079
598.073
599.068
600.064
601.062
602.06
603.06
604.061
605.064
606.067
607.072
608.078
609.085
610.094
611.104
612.115
613.127
614.14
615.155
616.171
617.188
618.206
619.226
620.247
621.269
622.292
623.317
624.342
625.369
626.398
627.427
628.458
629.49
630.523
631.558
632.594
633.631
634.669
635.709
636.749
637.791
638.835
639.879
640.925
641.972
643.021
644.07
645.121
646.173
647.227
648.281
649.337
650.394
651.453
652.513
653.574
654.636
655.699
656.764
657.83
658.898
659.966
661.036
662.108
663.18
664.254
665.329
666.405
667.483
668.562
669.642
670.724
671.806
672.89
673.976
675.062
676.15
677.24
678.33
679.422
680.515
681.61
682.705
683.802
684.901
686
687.101
688.203
689.307
690.412
691.518
692.626
693.734
694.844
695.956
697.068
698.183
699.298
700.415
701.532
702.652
703.772
704.894
706.018
707.142
708.268
709.395
710.524
711.654
712.785
713.917
715.051
716.186
717.323
718.461
719.6
720.741
721.882
723.026
724.17
725.316
726.463
727.612
728.762
729.913
731.065
732.219
733.375
734.531
735.689
736.849
738.009
739.171
740.335
741.499
742.665
743.833
745.002
746.172
747.343
748.516
749.69
750.866
752.043
753.221
754.401
755.582
756.765
757.948
759.133
760.32
761.508
762.697
763.888
765.08
766.273
767.468
768.664
769.862
771.061
772.261
773.463
774.666
775.87
777.076
778.283
779.492
780.702
781.913
783.126
784.34
785.556
786.773
787.991
789.211
790.432
791.655
792.879
794.104
795.331
796.559
797.788
799.019
800.252
801.486
802.721
803.957
805.195
806.435
807.676
808.918
810.162
811.407
812.653
813.901
815.15
816.401
817.653
818.907
820.162
821.419
822.676
823.936
825.196
826.459
827.722
828.987
830.254
831.522
832.791
834.062
835.334
836.608
837.883
839.159
840.437
841.717
842.998
844.28
845.564
846.849
848.135
849.424
850.713
852.004
853.297
854.59
855.886
857.183
858.481
859.781
861.082
862.385
863.689
864.994
866.301
867.61
868.92
870.231
871.544
872.859
874.174
875.492
876.811
878.131
879.453
880.776
882.1
883.427
884.754
886.083
887.414
888.746
890.08
891.415
892.751
894.089
895.429
896.77
898.113
899.457
900.802
902.149
903.498
904.848
906.199
907.552
908.907
910.263
911.62
912.979
914.34
915.702
917.065
918.43
919.797
921.165
922.534
923.905
925.278
926.652
928.028
929.405
930.784
932.164
933.545
934.929
936.313
937.7
939.087
940.477
941.868
943.26
944.654
946.049
947.446
948.845
950.245
951.646
953.05
954.454
955.86
957.268
958.677
960.088
961.501
962.915
964.33
965.747
967.166
968.586
970.007
971.431
972.855
974.282
975.709
977.139
978.57
980.002
981.436
982.872
984.309
985.748
987.189
988.63
990.074
991.519
992.966
994.414
995.864
997.315
998.768
1000.22
1001.68
1003.14
1004.6
1006.06
1007.52
1008.98
1010.45
1011.92
1013.38
1014.85
1016.33
1017.8
1019.27
1020.75
1022.23
1023.71
1025.19
1026.67
1028.16
1029.64
1031.13
1032.62
1034.11
1035.61
1037.1
1038.6
1040.09
1041.59
1043.09
1044.6
1046.1
1047.61
1049.11
1050.62
1052.13
1053.64
1055.16
1056.67
1058.19
1059.71
1061.23
1062.75
1064.27
1065.8
1067.32
1068.85
1070.38
1071.91
1073.45
1074.98
1076.52
1078.06
1079.6
1081.14
1082.68
1084.23
1085.77
1087.32
1088.87
1090.42
1091.97
1093.53
1095.08
1096.64
1098.2
1099.76
1101.32
1102.89
1104.46
1106.02
1107.59
1109.16
1110.74
1112.31
1113.89
1115.46
1117.04
1118.62
1120.21
1121.79
1123.38
1124.97
1126.56
1128.15
1129.74
1131.33
1132.93
1134.53
1136.13
1137.73
1139.33
1140.94
1142.54
1144.15
1145.76
1147.37
1148.98
1150.6
1152.21
1153.83
1155.45
1157.07
1158.7
1160.32
1161.95
1163.58
1165.21
1166.84
1168.47
1170.11
1171.74
1173.38
1175.02
1176.66
1178.31
1179.95
1181.6
1183.25
1184.9
1186.55
1188.21
1189.86
1191.52
1193.18
1194.84
1196.5
1198.17
1199.83
1201.5
1203.17
1204.84
1206.51
1208.19
1209.87
1211.54
1213.22
1214.91
1216.59
1218.27
1219.96
1221.65
1223.34
1225.03
1226.73
1228.42
1230.12
1231.82
1233.52
1235.22
1236.93
1238.63
1240.34
1242.05
1243.76
1245.48
1247.19
1248.91
1250.63
1252.35
1254.07
1255.79
1257.52
1259.25
1260.97
1262.71
1264.44
1266.17
1267.91
1269.65
1271.39
1273.13
1274.87
1276.62
1278.37
1280.11
1281.86
1283.62
1285.37
1287.13
1288.89
1290.64
1292.41
1294.17
1295.93
1297.7
1299.47
1301.24
1303.01
1304.79
1306.56
1308.34
1310.12
1311.9
1313.68
1315.47
1317.26
1319.04
1320.83
1322.63
1324.42
1326.22
1328.01
1329.81
1331.61
1333.42
1335.22
1337.03
1338.84
1340.65
1342.46
1344.28
1346.09
1347.91
1349.73
1351.55
1353.37
1355.2
1357.03
1358.85
1360.69
1362.52
1364.35
1366.19
1368.03
1369.87
1371.71
1373.55
1375.4
1377.25
1379.09
1380.95
1382.8
1384.65
1386.51
1388.37
1390.23
1392.09
1393.96
1395.82
1397.69
1399.56
1401.43
1403.31
1405.18
1407.06
1408.94
1410.82
1412.7
1414.59
1416.47
1418.36
1420.25
1422.15
1424.04
1425.94
1427.83
1429.73
1431.64
1433.54
1435.45
1437.35
1439.26
1441.17
1443.09
1445
1446.92
1448.84
1450.76
1452.68
1454.61
1456.53
1458.46
1460.39
1462.33
1464.26
1466.2
1468.13
1470.08
1472.02
1473.96
1475.91
1477.85
1479.8
1481.76
1483.71
1485.67
1487.62
1489.58
1491.54
1493.51
1495.47
1497.44
1499.41
1501.38
1503.35
1505.33
1507.31
1509.28
1511.27
1513.25
1515.23
1517.22
1519.21
1521.2
1523.19
1525.19
1527.18
1529.18
1531.18
1533.18
1535.19
1537.2
1539.2
1541.21
1543.23
1545.24
1547.26
1549.28
1551.3
1553.32
1555.34
1557.37
1559.4
1561.43
1563.46
1565.49
1567.53
1569.57
1571.61
1573.65
1575.69
1577.74
1579.79
1581.84
1583.89
1585.94
1588
1590.06
1592.12
1594.18
1596.24
1598.31
1600.38
1602.45
1604.52
1606.6
1608.67
1610.75
1612.83
1614.91
1617
1619.08
1621.17
1623.26
1625.35
1627.45
1629.54
1631.64
1633.74
1635.85
1637.95
1640.06
1642.17
1644.28
1646.39
1648.5
1650.62
1652.74
1654.86
1656.98
1659.11
1661.24
1663.37
1665.5
1667.63
1669.77
1671.9
1674.04
1676.18
1678.33
1680.47
1682.62
1684.77
1686.92
1689.08
1691.23
1693.39
1695.55
1697.71
1699.88
1702.04
1704.21
1706.38
1708.56
1710.73
1712.91
1715.09
1717.27
1719.45
1721.63
1723.82
1726.01
1728.2
1730.4
1732.59
1734.79
1736.99
1739.19
1741.4
1743.6
1745.81
1748.02
1750.23
1752.45
1754.66
1756.88
1759.1
1761.33
1763.55
1765.78
1768.01
1770.24
1772.47
1774.71
1776.95
1779.19
1781.43
1783.67
1785.92
1788.17
1790.42
1792.67
1794.93
1797.18
1799.44
1801.7
1803.97
1806.23
1808.5
1810.77
1813.04
1815.32
1817.59
1819.87
1822.15
1824.44
1826.72
1829.01
1831.3
1833.59
1835.88
1838.18
1840.48
1842.78
1845.08
1847.38
1849.69
1852
1854.31
1856.62
1858.94
1861.26
1863.58
1865.9
1868.22
1870.55
1872.88
1875.21
1877.54
1879.88
1882.21
1884.55
1886.89
1889.24
1891.58
1893.93
1896.28
1898.64
1900.99
1903.35
1905.71
1908.07
1910.43
1912.8
1915.17
1917.54
1919.91
1922.28
1924.66
1927.04
1929.42
1931.8
1934.19
1936.58
1938.97
1941.36
1943.76
1946.15
1948.55
1950.95
1953.36
1955.76
1958.17
1960.58
1962.99
1965.41
1967.83
1970.24
1972.67
1975.09
1977.52
1979.94
1982.38
1984.81
1987.24
1989.68
1992.12
1994.56
1997.01
1999.45
2001.9
2004.35
2006.81
2009.26
2011.72
2014.18
2016.64
2019.11
2021.57
2024.04
2026.51
2028.99
2031.46
2033.94
2036.42
2038.9
2041.39
2043.88
2046.37
2048.86
2051.35
2053.85
2056.35
2058.85
2061.35
2063.86
2066.37
2068.88
2071.39
2073.9
2076.42
2078.94
2081.46
2083.99
2086.51
2089.04
2091.57
2094.11
2096.64
2099.18
2101.72
2104.26
2106.81
2109.36
2111.91
2114.46
2117.01
2119.57
2122.13
2124.69
2127.25
2129.82
2132.39
2134.96
2137.53
2140.11
2142.69
2145.27
2147.85
2150.43
2153.02
2155.61
2158.2
2160.8
2163.39
2165.99
2168.59
2171.2
2173.8
2176.41
2179.02
2181.63
2184.25
2186.87
2189.49
2192.11
2194.74
2197.36
2199.99
2202.63
2205.26
2207.9
2210.54
2213.18
2215.82
2218.47
2221.12
2223.77
2226.42
2229.08
2231.74
2234.4
2237.06
2239.73
2242.39
2245.07
2247.74
2250.41
2253.09
2255.77
2258.45
2261.14
2263.83
2266.52
2269.21
2271.9
2274.6
2277.3
2280
2282.7
2285.41
2288.12
2290.83
2293.55
2296.26
2298.98
2301.7
2304.43
2307.15
2309.88
2312.61
2315.35
2318.08
2320.82
2323.56
2326.3
2329.05
2331.8
2334.55
2337.3
2340.06
2342.81
2345.57
2348.34
2351.1
2353.87
2356.64
2359.41
2362.19
2364.97
2367.75
2370.53
2373.31
2376.1
2378.89
2381.69
2384.48
2387.28
2390.08
2392.88
2395.68
2398.49
2401.3
2404.11
2406.93
2409.75
2412.57
2415.39
2418.21
2421.04
2423.87
2426.7
2429.54
2432.38
2435.22
2438.06
2440.9
2443.75
2446.6
2449.45
2452.31
2455.17
2458.03
2460.89
2463.75
2466.62
2469.49
2472.36
2475.24
2478.12
2481
2483.88
2486.76
2489.65
2492.54
2495.44
2498.33
2501.23
2504.13
2507.03
2509.94
2512.85
2515.76
2518.67
2521.59
2524.5
2527.43
2530.35
2533.28
2536.2
2539.13
2542.07
2545
2547.94
2550.89
2553.83
2556.78
2559.72
2562.68
2565.63
2568.59
2571.55
2574.51
2577.47
2580.44
2583.41
2586.38
2589.36
2592.34
2595.32
2598.3
2601.28
2604.27
2607.26
2610.25
2613.25
2616.25
2619.25
2622.25
2625.26
2628.27
2631.28
2634.29
2637.31
2640.33
2643.35
2646.37
2649.4
2652.43
2655.46
2658.5
2661.54
2664.58
2667.62
2670.66
2673.71
2676.76
2679.82
2682.87
2685.93
2688.99
2692.05
2695.12
2698.19
2701.26
2704.34
2707.41
2710.49
2713.57
2716.66
2719.75
2722.84
2725.93
2729.03
2732.12
2735.23
2738.33
2741.43
2744.54
2747.65
2750.77
2753.89
2757.01
2760.13
2763.25
2766.38
2769.51
2772.64
2775.78
2778.92
2782.06
2785.2
2788.35
2791.5
2794.65
2797.8
2800.96
2804.12
2807.28
2810.45
2813.61
2816.78
2819.96
2823.13
2826.31
2829.49
2832.68
2835.86
2839.05
2842.25
2845.44
2848.64
2851.84
2855.04
2858.25
2861.46
2864.67
2867.88
2871.1
2874.32
2877.54
2880.76
2883.99
2887.22
2890.45
2893.69
2896.93
2900.17
2903.41
2906.66
2909.91
2913.16
2916.42
2919.67
2922.93
2926.2
2929.46
2932.73
2936
2939.28
2942.55
2945.83
2949.11
2952.4
2955.69
2958.98
2962.27
2965.57
2968.87
2972.17
2975.47
2978.78
2982.09
2985.4
2988.72
2992.04
2995.36
2998.68
3002.01
3005.34
3008.67
3012.01
3015.34
3018.68
3022.03
3025.37
3028.72
3032.07
3035.43
3038.79
3042.15
3045.51
3048.88
3052.24
3055.62
3058.99
3062.37
3065.75
3069.13
3072.51
3075.9
3079.29
3082.69
3086.08
3089.48
3092.89
3096.29
3099.7
3103.11
3106.52
3109.94
3113.36
3116.78
3120.21
3123.63
3127.06
3130.5
3133.93
3137.37
3140.82
3144.26
3147.71
3151.16
3154.61
3158.07
3161.53
3164.99
3168.45
3171.92
3175.39
3178.87
3182.34
3185.82
3189.3
3192.79
3196.27
3199.77
3203.26
3206.75
3210.25
3213.76
3217.26
3220.77
3224.28
3227.79
3231.31
3234.83
3238.35
3241.88
3245.4
3248.93
3252.47
3256
3259.54
3263.09
3266.63
3270.18
3273.73
3277.28
3280.84
3284.4
3287.96
3291.53
3295.1
3298.67
3302.24
3305.82
3309.4
3312.98
3316.57
3320.16
3323.75
3327.34
3330.94
3334.54
3338.15
3341.75
3345.36
3348.97
3352.59
3356.21
3359.83
3363.45
3367.08
3370.71
3374.34
3377.98
3381.61
3385.26
3388.9
3392.55
3396.2
3399.85
3403.51
3407.17
3410.83
3414.49
3418.16
3421.83
3425.51
3429.18
3432.86
3436.54
3440.23
3443.92
3447.61
3451.31
3455
3458.7
3462.41
3466.11
3469.82
3473.53
3477.25
3480.97
3484.69
3488.41
3492.14
3495.87
3499.6
3503.34
3507.08
3510.82
3514.57
3518.32
3522.07
3525.82
3529.58
3533.34
3537.1
3540.87
3544.64
3548.41
3552.18
3555.96
3559.74
3563.53
3567.31
3571.1
3574.9
3578.69
3582.49
3586.29
3590.1
3593.91
3597.72
3601.53
3605.35
3609.17
3612.99
3616.82
3620.65
3624.48
3628.32
3632.15
3636
3639.84
3643.69
3647.54
3651.39
3655.25
3659.11
3662.97
3666.84
3670.7
3674.58
3678.45
3682.33
3686.21
3690.09
3693.98
3697.87
3701.76
3705.66
3709.56
3713.46
3717.37
3721.27
3725.19
3729.1
3733.02
3736.94
3740.86
3744.79
3748.72
3752.65
3756.59
3760.52
3764.47
3768.41
3772.36
3776.31
3780.27
3784.22
3788.18
3792.14
3796.1
3800.05
3804
3807.95
3811.89
3815.84
3819.78
3823.72
3827.65
3831.59
3835.52
3839.44
3843.37
3847.3
3851.22
3855.14
3859.05
3862.97
3866.88
3870.79
3874.69
3878.6
3882.5
3886.4
3890.3
3894.19
3898.09
3901.98
3905.86
3909.75
3913.63
3917.51
3921.39
3925.27
3929.14
3933.01
3936.88
3940.75
3944.61
3948.47
3952.33
3956.19
3960.04
3963.89
3967.74
3971.59
3975.44
3979.28
3983.12
3986.96
3990.79
3994.63
3998.46
4002.28
4006.11
4009.93
4013.76
4017.57
4021.39
4025.21
4029.02
4032.83
4036.63
4040.44
4044.24
4048.04
4051.84
4055.63
4059.43
4063.22
4067.01
4070.79
4074.58
4078.36
4082.14
4085.91
4089.69
4093.46
4097.23
4101
4104.76
4108.52
4112.28
4116.04
4119.8
4123.55
4127.3
4131.05
4134.8
4138.54
4142.28
4146.02
4149.76
4153.5
4157.23
4160.96
4164.69
4168.41
4172.14
4175.86
4179.58
4183.29
4187.01
4190.72
4194.43
4198.14
4201.84
4205.54
4209.25
4212.94
4216.64
4220.33
4224.02
4227.71
4231.4
4235.08
4238.77
4242.45
4246.12
4249.8
4253.47
4257.14
4260.81
4264.48
4268.14
4271.8
4275.46
4279.12
4282.78
4286.43
4290.08
4293.73
4297.37
4301.02
4304.66
4308.3
4311.94
4315.57
4319.2
4322.83
4326.46
4330.09
4333.71
4337.33
4340.95
4344.57
4348.18
4351.79
4355.4
4359.01
4362.62
4366.22
4369.82
4373.42
4377.02
4380.61
4384.2
4387.79
4391.38
4394.97
4398.55
4402.13
4405.71
4409.29
4412.86
4416.43
4420
4423.57
4427.14
4430.7
4434.26
4437.82
4441.38
4444.93
4448.48
4452.03
4455.58
4459.13
4462.67
4466.21
4469.75
4473.29
4476.82
4480.35
4483.89
4487.41
4490.94
4494.46
4497.98
4501.5
4505.02
4508.54
4512.05
4515.56
4519.07
4522.57
4526.08
4529.58
4533.08
4536.58
4540.07
4543.57
4547.06
4550.55
4554.03
4557.52
4561
4564.48
4567.96
4571.43
4574.91
4578.38
4581.85
4585.32
4588.78
4592.24
4595.7
4599.16
4602.62
4606.07
4609.53
4612.98
4616.42
4619.87
4623.31
4626.75
4630.19
4633.63
4637.06
4640.5
4643.93
4647.36
4650.78
4654.21
4657.63
4661.05
4664.47
4667.88
4671.3
4674.71
4678.12
4681.52
4684.93
4688.33
4691.73
4695.13
4698.53
4701.92
4705.32
4708.71
4712.09
4715.48
4718.86
4722.25
4725.63
4729
4732.38
4735.75
4739.12
4742.49
4745.86
4749.22
4752.59
4755.95
4759.31
4762.66
4766.02
4769.37
4772.72
4776.07
4779.41
4782.76
4786.1
4789.44
4792.78
4796.11
4799.44
4802.78
4806.11
4809.43
4812.76
4816.08
4819.4
4822.72
4826.04
4829.35
4832.66
4835.98
4839.28
4842.59
4845.89
4849.2
4852.5
4855.79
4859.09
4862.38
4865.68
4868.97
4872.25
4875.54
4878.82
4882.1
4885.38
4888.66
4891.94
4895.21
4898.48
4901.75
4905.02
4908.28
4911.55
4914.81
4918.07
4921.32
4924.58
4927.83
4931.08
4934.33
4937.58
4940.82
4944.06
4947.3
4950.54
4953.78
4957.01
4960.25
4963.48
4966.7
4969.93
4973.15
4976.38
4979.6
4982.81
4986.03
4989.24
4992.46
4995.67
4998.87
5002.08
5005.28
5008.49
5011.69
5014.88
5018.08
5021.27
5024.47
5027.65
5030.84
5034.03
5037.21
5040.39
5043.57
5046.75
5049.93
5053.1
5056.27
5059.44
5062.61
5065.78
5068.94
5072.1
5075.26
5078.42
5081.57
5084.73
5087.88
5091.03
5094.18
5097.32
5100.46
5103.61
5106.75
5109.88
5113.02
5116.15
5119.28
5122.41
5125.54
5128.67
5131.79
5134.91
5138.03
5141.15
5144.27
5147.38
5150.49
5153.6
5156.71
5159.82
5162.92
5166.02
5169.12
5172.22
5175.32
5178.41
5181.5
5184.59
5187.68
5190.77
5193.85
5196.93
5200.01
5203.09
5206.17
5209.24
5212.32
5215.39
5218.45
5221.52
5224.59
5227.65
5230.71
5233.77
5236.82
5239.88
5242.93
5245.98
5249.03
5252.08
5255.12
5258.17
5261.21
5264.25
5267.28
5270.32
5273.35
5276.39
5279.41
5282.44
5285.47
5288.49
5291.51
5294.53
5297.55
5300.57
5303.58
5306.59
5309.6
5312.61
5315.62
5318.62
5321.63
5324.63
5327.62
5330.62
5333.62
5336.61
5339.6
5342.59
5345.58
5348.56
5351.54
5354.53
5357.5
5360.48
5363.46
5366.43
5369.4
5372.37
5375.34
5378.31
5381.27
5384.23
5387.19
5390.15
5393.11
5396.06
5399.02
5401.97
5404.91
5407.86
5410.81
5413.75
5416.69
5419.63
5422.57
5425.5
5428.44
5431.37
5434.3
5437.23
5440.15
5443.08
5446
5448.92
5451.84
5454.75
5457.67
5460.58
5463.49
5466.4
5469.31
5472.21
5475.12
5478.02
5480.92
5483.82
5486.71
5489.61
5492.5
5495.39
5498.28
5501.16
5504.05
5506.93
5509.81
5512.69
5515.57
5518.44
5521.32
5524.19
5527.06
5529.93
5532.79
5535.66
5538.52
5541.38
5544.24
5547.09
5549.95
5552.8
5555.65
5558.5
5561.35
5564.19
5567.04
5569.88
5572.72
5575.56
5578.39
5581.23
5584.06
5586.89
5589.72
5592.55
5595.37
5598.19
5601.02
5603.84
5606.65
5609.47
5612.28
5615.1
5617.91
5620.71
5623.52
5626.33
5629.13
5631.93
5634.73
5637.53
5640.32
5643.12
5645.91
5648.7
5651.49
5654.27
5657.06
5659.84
5662.62
5665.4
5668.18
5670.95
5673.73
5676.5
5679.27
5682.04
5684.8
5687.57
5690.33
5693.09
5695.85
5698.61
5701.36
5704.11
5706.87
5709.62
5712.36
5715.11
5717.86
5720.6
5723.34
5726.08
5728.82
5731.55
5734.28
5737.02
5739.75
5742.47
5745.2
5747.93
5750.65
5753.37
5756.09
5758.81
5761.52
5764.23
5766.95
5769.66
5772.37
5775.07
5777.78
5780.48
5783.18
5785.88
5788.58
5791.27
5793.97
5796.66
5799.35
5802.04
5804.73
5807.41
5810.09
5812.77
5815.45
5818.13
5820.81
5823.48
5826.16
5828.83
5831.49
5834.16
5836.83
5839.49
5842.15
5844.81
5847.47
5850.13
5852.78
5855.44
5858.09
5860.74
5863.38
5866.03
5868.67
5871.32
5873.96
5876.59
5879.23
5881.87
5884.5
5887.13
5889.76
5892.39
5895.02
5897.64
5900.26
5902.88
5905.5
5908.12
5910.74
5913.35
5915.96
5918.57
5921.18
5923.79
5926.39
5929
5931.6
5934.2
5936.8
5939.39
5941.99
5944.58
5947.17
5949.76
5952.35
5954.94
5957.52
5960.1
5962.68
5965.26
5967.84
5970.42
5972.99
5975.56
5978.13
5980.7
5983.27
5985.83
5988.39
5990.96
5993.52
5996.07
5998.63
6001.18
6003.74
6006.29
6008.84
6011.38
6013.93
6016.47
6019.02
6021.56
6024.1
6026.63
6029.17
6031.7
6034.24
6036.77
6039.29
6041.82
6044.35
6046.87
6049.39
6051.91
6054.43
6056.95
6059.46
6061.97
6064.48
6066.99
6069.5
6072.01
6074.51
6077.02
6079.52
6082.02
6084.51
6087.01
6089.5
6092
6094.49
6096.97
6099.46
6101.95
6104.43
6106.91
6109.39
6111.87
6114.35
6116.82
6119.3
6121.77
6124.24
6126.71
6129.18
6131.64
6134.1
6136.57
6139.03
6141.48
6143.94
6146.4
6148.85
6151.3
6153.75
6156.2
6158.64
6161.09
6163.53
6165.97
6168.41
6170.85
6173.29
6175.72
6178.15
6180.58
6183.01
6185.44
6187.87
6190.29
6192.71
6195.14
6197.56
6199.97
6202.39
6204.8
6207.22
6209.63
6212.04
6214.44
6216.85
6219.25
6221.66
6224.06
6226.45
6228.85
6231.25
6233.64
6236.03
6238.42
6240.81
6243.2
6245.59
6247.97
6250.35
6252.73
6255.11
6257.49
6259.87
6262.24
6264.61
6266.98
6269.35
6271.72
6274.08
6276.45
6278.81
6281.17
6283.53
6285.89
6288.24
6290.6
6292.95
6295.3
6297.65
6300
6302.34
6304.69
6307.03
6309.37
6311.71
6314.04
6316.38
6318.71
6321.05
6323.38
6325.71
6328.03
6330.36
6332.68
6335.01
6337.33
6339.65
6341.96
6344.28
6346.59
6348.91
6351.22
6353.53
6355.83
6358.14
6360.44
6362.75
6365.05
6367.35
6369.64
6371.94
6374.23
6376.53
6378.82
6381.11
6383.4
6385.68
6387.97
6390.25
6392.53
6394.81
6397.09
6399.36
6401.64
6403.91
6406.18
6408.45
6410.72
6412.99
6415.25
6417.52
6419.78
6422.04
6424.3
6426.55
6428.81
6431.06
6433.31
6435.56
6437.81
6440.06
6442.3
6444.55
6446.79
6449.03
6451.27
6453.51
6455.74
6457.98
6460.21
6462.44
6464.67
6466.9
6469.12
6471.35
6473.57
6475.79
6478.01
6480.23
6482.44
6484.66
6486.87
6489.08
6491.29
6493.5
6495.71
6497.91
6500.11
6502.32
6504.52
6506.71
6508.91
6511.11
6513.3
6515.49
6517.68
6519.87
6522.06
6524.24
6526.43
6528.61
6530.79
6532.97
6535.15
6537.32
6539.5
6541.67
6543.84
6546.01
6548.18
6550.34
6552.51
6554.67
6556.83
6558.99
6561.15
6563.31
6565.46
6567.62
6569.77
6571.92
6574.07
6576.22
6578.36
6580.5
6582.65
6584.79
6586.93
6589.06
6591.2
6593.33
6595.47
6597.6
6599.73
6601.86
6603.98
6606.11
6608.23
6610.35
6612.47
6614.59
6616.71
6618.82
6620.94
6623.05
6625.16
6627.27
6629.38
6631.48
6633.59
6635.69
6637.79
6639.89
6641.99
6644.08
6646.18
6648.27
6650.36
6652.45
6654.54
6656.63
6658.71
6660.8
6662.88
6664.96
6667.04
6669.12
6671.19
6673.27
6675.34
6677.41
6679.48
6681.55
6683.61
6685.68
6687.74
6689.8
6691.86
6693.92
6695.98
6698.03
6700.09
6702.14
6704.19
6706.24
6708.29
6710.33
6712.38
6714.42
6716.46
6718.5
6720.54
6722.58
6724.61
6726.64
6728.68
6730.71
6732.74
6734.76
6736.79
6738.81
6740.84
6742.86
6744.88
6746.89
6748.91
6750.93
6752.94
6754.95
6756.96
6758.97
6760.98
6762.98
6764.99
6766.99
6768.99
6770.99
6772.99
6774.98
6776.98
6778.97
6780.96
6782.95
6784.94
6786.93
6788.91
6790.9
6792.88
6794.86
6796.84
6798.81
6800.79
6802.77
6804.74
6806.71
6808.68
6810.65
6812.61
6814.58
6816.54
6818.51
6820.47
6822.43
6824.38
6826.34
6828.29
6830.25
6832.2
6834.15
6836.1
6838.04
6839.99
6841.93
6843.87
6845.82
6847.75
6849.69
6851.63
6853.56
6855.5
6857.43
6859.36
6861.29
6863.21
6865.14
6867.06
6868.98
6870.9
6872.82
6874.74
6876.66
6878.57
6880.49
6882.4
6884.31
6886.22
6888.12
6890.03
6891.93
6893.83
6895.74
6897.63
6899.53
6901.43
6903.32
6905.22
6907.11
6909
6910.89
6912.77
6914.66
6916.54
6918.43
6920.31
6922.19
6924.07
6925.94
6927.82
6929.69
6931.56
6933.43
6935.3
6937.17
6939.04
6940.9
6942.76
6944.63
6946.49
6948.34
6950.2
6952.06
6953.91
6955.76
6957.61
6959.46
6961.31
6963.16
6965
6966.84
6968.69
6970.53
6972.37
6974.2
6976.04
6977.87
6979.71
6981.54
6983.37
6985.19
6987.02
6988.85
6990.67
6992.49
6994.31
6996.13
6997.95
6999.77
7001.58
7003.39
7005.21
7007.02
7008.82
7010.63
7012.44
7014.24
7016.04
7017.85
7019.65
7021.44
7023.24
7025.04
7026.83
7028.62
7030.41
7032.2
7033.99
7035.78
7037.56
7039.34
7041.13
7042.91
7044.68
7046.46
7048.24
7050.01
7051.78
7053.56
7055.33
7057.09
7058.86
7060.63
7062.39
7064.15
7065.91
7067.67
7069.43
7071.19
7072.94
7074.7
7076.45
7078.2
7079.95
7081.7
7083.44
7085.19
7086.93
7088.67
7090.41
7092.15
7093.89
7095.62
7097.36
7099.09
7100.82
7102.55
7104.28
7106
7107.73
7109.45
7111.18
7112.9
7114.62
7116.33
7118.05
7119.77
7121.48
7123.19
7124.9
7126.61
7128.32
7130.02
7131.73
7133.43
7135.13
7136.83
7138.53
7140.23
7141.93
7143.62
7145.31
7147
7148.69
7150.38
7152.07
7153.76
7155.44
7157.12
7158.8
7160.48
7162.16
7163.84
7165.51
7167.19
7168.86
7170.53
7172.2
7173.87
7175.53
7177.2
7178.86
7180.52
7182.18
7183.84
7185.5
7187.16
7188.81
7190.46
7192.12
7193.77
7195.42
7197.06
7198.71
7200.35
7202
7203.64
7205.28
7206.92
7208.55
7210.19
7211.82
7213.46
7215.09
7216.72
7218.35
7219.97
7221.6
7223.22
7224.84
7226.47
7228.09
7229.7
7231.32
7232.94
7234.55
7236.16
7237.77
7239.38
7240.99
7242.6
7244.2
7245.81
7247.41
7249.01
7250.61
7252.21
7253.8
7255.4
7256.99
7258.58
7260.17
7261.76
7263.35
7264.94
7266.52
7268.1
7269.69
7271.27
7272.85
7274.42
7276
7277.57
7279.15
7280.72
7282.29
7283.86
7285.43
7286.99
7288.56
7290.12
7291.68
7293.24
7294.8
7296.36
7297.91
7299.47
7301.02
7302.57
7304.12
7305.67
7307.22
7308.76
7310.31
7311.85
7313.39
7314.93
7316.47
7318.01
7319.54
7321.08
7322.61
7324.14
7325.67
7327.2
7328.73
7330.25
7331.78
7333.3
7334.82
7336.34
7337.86
7339.38
7340.89
7342.41
7343.92
7345.43
7346.94
7348.45
7349.96
7351.46
7352.97
7354.47
7355.97
7357.47
7358.97
7360.46
7361.96
7363.45
7364.95
7366.44
7367.93
7369.42
7370.9
7372.39
7373.87
7375.36
7376.84
7378.32
7379.8
7381.27
7382.75
7384.22
7385.69
7387.17
7388.64
7390.1
7391.57
7393.04
7394.5
7395.96
7397.42
7398.88
7400.34
7401.8
7403.26
7404.71
7406.16
7407.61
7409.06
7410.51
7411.96
7413.4
7414.85
7416.29
7417.73
7419.17
7420.61
7422.05
7423.48
7424.92
7426.35
7427.78
7429.21
7430.64
7432.07
7433.49
7434.92
7436.34
7437.76
7439.18
7440.6
7442.02
7443.43
7444.85
7446.26
7447.67
7449.08
7450.49
7451.9
7453.3
7454.71
7456.11
7457.51
7458.91
7460.31
7461.71
7463.11
7464.5
7465.89
7467.29
7468.68
7470.07
7471.45
7472.84
7474.22
7475.61
7476.99
7478.37
7479.75
7481.13
7482.5
7483.88
7485.25
7486.62
7487.99
7489.36
7490.73
7492.1
7493.46
7494.82
7496.19
7497.55
7498.91
7500.26
7501.62
7502.98
7504.33
7505.68
7507.03
7508.38
7509.73
7511.08
7512.42
7513.77
7515.11
7516.45
7517.79
7519.13
7520.46
7521.8
7523.13
7524.47
7525.8
7527.13
7528.46
7529.78
7531.11
7532.43
7533.76
7535.08
7536.4
7537.72
7539.03
7540.35
7541.66
7542.98
7544.29
7545.6
7546.91
7548.21
7549.52
7550.82
7552.13
7553.43
7554.73
7556.03
7557.33
7558.62
7559.92
7561.21
7562.5
7563.79
7565.08
7566.37
7567.66
7568.94
7570.23
7571.51
7572.79
7574.07
7575.35
7576.62
7577.9
7579.17
7580.44
7581.72
7582.99
7584.25
7585.52
7586.79
7588.05
7589.31
7590.57
7591.83
7593.09
7594.35
7595.61
7596.86
7598.11
7599.36
7600.61
7601.86
7603.11
7604.36
7605.6
7606.84
7608.09
7609.33
7610.57
7611.8
7613.04
7614.28
7615.51
7616.74
7617.97
7619.2
7620.43
7621.66
7622.88
7624.1
7625.33
7626.55
7627.77
7628.99
7630.2
7631.42
7632.63
7633.84
7635.06
7636.27
7637.47
7638.68
7639.89
7641.09
7642.29
7643.5
7644.7
7645.9
7647.09
7648.29
7649.48
7650.68
7651.87
7653.06
7654.25
7655.44
7656.62
7657.81
7658.99
7660.17
7661.35
7662.53
7663.71
7664.89
7666.06
7667.24
7668.41
7669.58
7670.75
7671.92
7673.09
7674.25
7675.42
7676.58
7677.74
7678.9
7680.06
7681.22
7682.37
7683.53
7684.68
7685.83
7686.98
7688.13
7689.28
7690.43
7691.57
7692.72
7693.86
7695
7696.14
7697.28
7698.41
7699.55
7700.68
7701.82
7702.95
7704.08
7705.2
7706.33
7707.46
7708.58
7709.7
7710.83
7711.95
7713.07
7714.18
7715.3
7716.41
7717.53
7718.64
7719.75
7720.86
7721.97
7723.07
7724.18
7725.28
7726.38
7727.49
7728.58
7729.68
7730.78
7731.88
7732.97
7734.06
7735.15
7736.24
7737.33
7738.42
7739.51
7740.59
7741.67
7742.75
7743.83
7744.91
7745.99
7747.07
7748.14
7749.22
7750.29
7751.36
7752.43
7753.5
7754.56
7755.63
7756.69
7757.76
7758.82
7759.88
7760.93
7761.99
7763.05
7764.1
7765.15
7766.21
7767.26
7768.31
7769.35
7770.4
7771.44
7772.49
7773.53
7774.57
7775.61
7776.65
7777.68
7778.72
7779.75
7780.79
7781.82
7782.85
7783.87
7784.9
7785.93
7786.95
7787.97
7789
7790.02
7791.03
7792.05
7793.07
7794.08
7795.1
7796.11
7797.12
7798.13
7799.14
7800.14
7801.15
7802.15
7803.15
7804.16
7805.15
7806.15
7807.15
7808.15
7809.14
7810.13
7811.12
7812.11
7813.1
7814.09
7815.08
7816.06
7817.05
7818.03
7819.01
7819.99
7820.96
7821.94
7822.92
7823.89
7824.86
7825.83
7826.8
7827.77
7828.74
7829.7
7830.67
7831.63
7832.59
7833.55
7834.51
7835.47
7836.43
7837.38
7838.33
7839.29
7840.24
7841.19
7842.13
7843.08
7844.03
7844.97
7845.91
7846.85
7847.79
7848.73
7849.67
7850.6
7851.54
7852.47
7853.4
7854.33
7855.26
7856.19
7857.12
7858.04
7858.97
7859.89
7860.81
7861.73
7862.65
7863.56
7864.48
7865.39
7866.3
7867.22
7868.13
7869.03
7869.94
7870.85
7871.75
7872.65
7873.56
7874.46
7875.36
7876.25
7877.15
7878.05
7878.94
7879.83
7880.72
7881.61
7882.5
7883.39
7884.27
7885.16
7886.04
7886.92
7887.8
7888.68
7889.56
7890.43
7891.31
7892.18
7893.05
7893.92
7894.79
7895.66
7896.53
7897.39
7898.26
7899.12
7899.98
7900.84
7901.7
7902.55
7903.41
7904.26
7905.12
7905.97
7906.82
7907.67
7908.52
7909.36
7910.21
7911.05
7911.89
7912.73
7913.57
7914.41
7915.25
7916.08
7916.92
7917.75
7918.58
7919.41
7920.24
7921.07
7921.89
7922.72
7923.54
7924.36
7925.18
7926
7926.82
7927.64
7928.45
7929.27
7930.08
7930.89
7931.7
7932.51
7933.31
7934.12
7934.92
7935.73
7936.53
7937.33
7938.13
7938.93
7939.72
7940.52
7941.31
7942.1
7942.89
7943.68
7944.47
7945.26
7946.04
7946.83
7947.61
7948.39
7949.17
7949.95
7950.73
7951.5
7952.28
7953.05
7953.82
7954.59
7955.36
7956.13
7956.9
7957.66
7958.42
7959.19
7959.95
7960.71
7961.47
7962.22
7962.98
7963.73
7964.49
7965.24
7965.99
7966.74
7967.48
7968.23
7968.97
7969.72
7970.46
7971.2
7971.94
7972.68
7973.41
7974.15
7974.88
7975.62
7976.35
7977.08
7977.81
7978.53
7979.26
7979.98
7980.71
7981.43
7982.15
7982.87
7983.59
7984.3
7985.02
7985.73
7986.45
7987.16
7987.87
7988.57
7989.28
7989.99
7990.69
7991.39
7992.1
7992.8
7993.5
7994.19
7994.89
7995.58
7996.28
7996.97
7997.66
7998.35
7999.04
7999.72
8000.41
8001.09
8001.78
8002.46
8003.14
8003.82
8004.49
8005.17
8005.84
8006.52
8007.19
8007.86
8008.53
8009.2
8009.86
8010.53
8011.19
8011.86
8012.52
8013.18
8013.84
8014.49
8015.15
8015.8
8016.46
8017.11
8017.76
8018.41
8019.05
8019.7
8020.35
8020.99
8021.63
8022.27
8022.91
8023.55
8024.19
8024.82
8025.46
8026.09
8026.72
8027.35
8027.98
8028.61
8029.23
8029.86
8030.48
8031.1
8031.72
8032.34
8032.96
8033.58
8034.19
8034.81
8035.42
8036.03
8036.64
8037.25
8037.86
8038.46
8039.07
8039.67
8040.27
8040.87
8041.47
8042.07
8042.67
8043.26
8043.85
8044.45
8045.04
8045.63
8046.21
8046.8
8047.39
8047.97
8048.55
8049.14
8049.72
8050.29
8050.87
8051.45
8052.02
8052.6
8053.17
8053.74
8054.31
8054.88
8055.44
8056.01
8056.57
8057.14
8057.7
8058.26
8058.82
8059.37
8059.93
8060.48
8061.04
8061.59
8062.14
8062.69
8063.24
8063.78
8064.33
8064.87
8065.41
8065.95
8066.49
8067.03
8067.57
8068.1
8068.64
8069.17
8069.7
8070.23
8070.76
8071.29
8071.82
8072.34
8072.86
8073.39
8073.91
8074.43
8074.94
8075.46
8075.98
8076.49
8077
8077.51
8078.02
8078.53
8079.04
8079.55
8080.05
8080.55
8081.05
8081.56
8082.05
8082.55
8083.05
8083.54
8084.04
8084.53
8085.02
8085.51
8086
8086.49
8086.97
8087.46
8087.94
8088.42
8088.9
8089.38
8089.86
8090.33
8090.81
8091.28
8091.75
8092.22
8092.69
8093.16
8093.63
8094.09
8094.56
8095.02
8095.48
8095.94
8096.4
8096.85
8097.31
8097.77
8098.22
8098.67
8099.12
8099.57
8100.02
8100.46
8100.91
8101.35
8101.79
8102.23
8102.67
8103.11
8103.55
8103.98
8104.42
8104.85
8105.28
8105.71
8106.14
8106.57
8106.99
8107.42
8107.84
8108.26
8108.69
8109.1
8109.52
8109.94
8110.35
8110.77
8111.18
8111.59
8112
8112.41
8112.82
8113.22
8113.63
8114.03
8114.43
8114.83
8115.23
8115.63
8116.02
8116.42
8116.81
8117.2
8117.59
8117.98
8118.37
8118.76
8119.14
8119.53
8119.91
8120.29
8120.67
8121.05
8121.42
8121.8
8122.17
8122.55
8122.92
8123.29
8123.66
8124.03
8124.39
8124.76
8125.12
8125.48
8125.84
8126.2
8126.56
8126.92
8127.27
8127.63
8127.98
8128.33
8128.68
8129.03
8129.38
8129.72
8130.07
8130.41
8130.75
8131.09
8131.43
8131.77
8132.1
8132.44
8132.77
8133.1
8133.43
8133.76
8134.09
8134.42
8134.74
8135.07
8135.39
8135.71
8136.03
8136.35
8136.67
8136.98
8137.3
8137.61
8137.92
8138.23
8138.54
8138.85
8139.15
8139.46
8139.76
8140.06
8140.36
8140.66
8140.96
8141.26
8141.55
8141.85
8142.14
8142.43
8142.72
8143.01
8143.3
8143.58
8143.87
8144.15
8144.43
8144.71
8144.99
8145.27
8145.54
8145.82
8146.09
8146.36
8146.63
8146.9
8147.17
8147.44
8147.7
8147.97
8148.23
8148.49
8148.75
8149.01
8149.26
8149.52
8149.77
8150.03
8150.28
8150.53
8150.78
8151.02
8151.27
8151.51
8151.76
8152
8152.24
8152.48
8152.71
8152.95
8153.19
8153.42
8153.65
8153.88
8154.11
8154.34
8154.57
8154.79
8155.01
8155.24
8155.46
8155.68
8155.9
8156.11
8156.33
8156.54
8156.76
8156.97
8157.18
8157.39
8157.59
8157.8
8158
8158.21
8158.41
8158.61
8158.81
8159
8159.2
8159.4
8159.59
8159.78
8159.97
8160.16
8160.35
8160.54
8160.72
8160.9
8161.09
8161.27
8161.45
8161.63
8161.8
8161.98
8162.15
8162.32
8162.5
8162.67
8162.83
8163
8163.17
8163.33
8163.49
8163.66
8163.82
8163.97
8164.13
8164.29
8164.44
8164.6
8164.75
8164.9
8165.05
8165.19
8165.34
8165.49
8165.63
8165.77
8165.91
8166.05
8166.19
8166.33
8166.46
8166.59
8166.73
8166.86
8166.99
8167.11
8167.24
8167.37
8167.49
8167.61
8167.73
8167.85
8167.97
8168.09
8168.2
8168.32
8168.43
8168.54
8168.65
8168.76
8168.87
8168.97
8169.08
8169.18
8169.28
8169.38
8169.48
8169.58
8169.68
8169.77
8169.86
8169.95
8170.04
8170.13
8170.22
8170.31
8170.39
8170.47
8170.56
8170.64
8170.72
8170.79
8170.87
8170.94
8171.02
8171.09
8171.16
8171.23
8171.3
8171.36
8171.43
8171.49
8171.55
8171.61
8171.67
8171.73
8171.79
8171.84
8171.89
8171.95
8172
8172.05
8172.09
8172.14
8172.19
8172.23
8172.27
8172.31
8172.35
8172.39
8172.43
8172.46
8172.49
8172.53
8172.56
8172.58
8172.61
8172.64
8172.66
8172.69
8172.71
8172.73
8172.75
8172.77
8172.78
8172.8
8172.81
8172.82
8172.83
8172.84
8172.85
8172.85
8172.86
8172.86
8172.86
8172.86
8172.86
8172.87
8172.87
8172.88
8172.88
8172.89
8172.9
8172.91
8172.93
8172.94
8172.96
8172.97
8172.99
8173.01
8173.03
8173.05
8173.07
8173.1
8173.13
8173.15
8173.18
8173.21
8173.24
8173.27
8173.31
8173.34
8173.38
8173.42
8173.46
8173.5
8173.54
8173.58
8173.63
8173.67
8173.72
8173.77
8173.82
8173.87
8173.92
8173.98
8174.03
8174.09
8174.14
8174.2
8174.26
8174.32
8174.39
8174.45
8174.52
8174.58
8174.65
8174.72
8174.79
8174.86
8174.94
8175.01
8175.09
8175.16
8175.24
8175.32
8175.4
8175.49
8175.57
8175.66
8175.74
8175.83
8175.92
8176.01
8176.1
8176.19
8176.29
8176.38
8176.48
8176.58
8176.68
8176.78
8176.88
8176.98
8177.09
8177.19
8177.3
8177.41
8177.52
8177.63
8177.74
8177.85
8177.97
8178.08
8178.2
8178.32
8178.44
8178.56
8178.68
8178.81
8178.93
8179.06
8179.19
8179.31
8179.44
8179.58
8179.71
8179.84
8179.98
8180.12
8180.25
8180.39
8180.53
8180.67
8180.82
8180.96
8181.11
8181.25
8181.4
8181.55
8181.7
8181.86
8182.01
8182.16
8182.32
8182.48
8182.63
8182.79
8182.96
8183.12
8183.28
8183.45
8183.61
8183.78
8183.95
8184.12
8184.29
8184.46
8184.64
8184.81
8184.99
8185.17
8185.34
8185.52
8185.71
8185.89
8186.07
8186.26
8186.44
8186.63
8186.82
8187.01
8187.2
8187.4
8187.59
8187.79
8187.98
8188.18
8188.38
8188.58
8188.78
8188.99
8189.19
8189.4
8189.6
8189.81
8190.02
8190.23
8190.44
8190.66
8190.87
8191.09
8191.3
8191.52
8191.74
8191.96
8192.19
8192.41
8192.63
8192.86
8193.09
8193.32
8193.55
8193.78
8194.01
8194.24
8194.48
8194.71
8194.95
8195.19
8195.43
8195.67
8195.91
8196.16
8196.4
8196.65
8196.9
8197.14
8197.39
8197.65
8197.9
8198.15
8198.41
8198.66
8198.92
8199.18
8199.44
8199.7
8199.97
8200.23
8200.49
8200.76
8201.03
8201.3
8201.57
8201.84
8202.11
8202.39
8202.66
8202.94
8203.22
8203.5
8203.78
8204.06
8204.34
8204.63
8204.91
8205.2
8205.49
8205.77
8206.07
8206.36
8206.65
8206.94
8207.24
8207.54
8207.83
8208.13
8208.43
8208.74
8209.04
8209.34
8209.65
8209.96
8210.26
8210.57
8210.88
8211.2
8211.51
8211.82
8212.14
8212.46
8212.78
8213.09
8213.42
8213.74
8214.06
8214.39
8214.71
8215.04
8215.37
8215.7
8216.03
8216.36
8216.69
8217.03
8217.36
8217.7
8218.04
8218.38
8218.72
8219.06
8219.4
8219.75
8220.09
8220.44
8220.79
8221.14
8221.49
8221.84
8222.2
8222.55
8222.91
8223.26
8223.62
8223.98
8224.34
8224.7
8225.07
8225.43
8225.8
8226.17
8226.53
8226.9
8227.28
8227.65
8228.02
8228.4
8228.77
8229.15
8229.53
8229.91
8230.29
8230.67
8231.05
8231.44
8231.82
8232.21
8232.6
8232.99
8233.38
8233.77
8234.17
8234.56
8234.96
8235.36
8235.75
8236.15
8236.55
8236.96
8237.36
8237.77
8238.17
8238.58
8238.99
8239.4
8239.81
8240.22
8240.63
8241.05
8241.46
8241.88
8242.3
8242.72
8243.14
8243.56
8243.99
8244.41
8244.84
8245.27
8245.69
8246.12
8246.55
8246.99
8247.42
8247.86
8248.29
8248.73
8249.17
8249.61
8250.05
8250.49
8250.93
8251.38
8251.82
8252.27
8252.72
8253.17
8253.62
8254.07
8254.53
8254.98
8255.44
8255.9
8256.35
8256.81
8257.27
8257.74
8258.2
8258.67
8259.13
8259.6
8260.07
8260.54
8261.01
8261.48
8261.95
8262.43
8262.9
8263.38
8263.86
8264.34
8264.82
8265.3
8265.79
8266.27
8266.76
8267.24
8267.73
8268.22
8268.71
8269.21
8269.7
8270.19
8270.69
8271.19
8271.69
8272.19
8272.69
8273.19
8273.69
8274.2
8274.7
8275.21
8275.72
8276.23
8276.74
8277.25
8277.76
8278.28
8278.79
8279.31
8279.83
8280.35
8280.87
8281.39
8281.92
8282.44
8282.97
8283.49
8284.02
8284.55
8285.08
8285.62
8286.15
8286.68
8287.22
8287.76
8288.29
8288.83
8289.37
8289.92
8290.46
8291
8291.55
8292.1
8292.65
8293.2
8293.75
8294.3
8294.85
8295.41
8295.96
8296.52
8297.08
8297.64
8298.2
8298.76
8299.32
8299.89
8300.45
8301.02
8301.59
8302.16
8302.73
8303.3
8303.87
8304.45
8305.02
8305.6
8306.18
8306.76
8307.34
8307.92
8308.5
8309.09
8309.68
8310.26
8310.85
8311.44
8312.03
8312.62
8313.22
8313.81
8314.41
8315
8315.6
8316.2
8316.8
8317.4
8318.01
8318.61
8319.22
8319.82
8320.43
8321.04
8321.65
8322.26
8322.88
8323.49
8324.11
8324.72
8325.34
8325.96
8326.58
8327.2
8327.82
8328.45
8329.07
8329.7
8330.33
8330.96
8331.59
8332.22
8332.85
8333.49
8334.12
8334.76
8335.4
8336.04
8336.68
8337.32
8337.96
8338.61
8339.25
8339.9
8340.55
8341.2
8341.85
8342.5
8343.15
8343.81
8344.46
8345.12
8345.78
8346.44
8347.1
8347.76
8348.42
8349.08
8349.75
8350.42
8351.08
8351.75
8352.42
8353.1
8353.77
8354.44
8355.12
8355.79
8356.47
8357.15
8357.83
8358.51
8359.2
8359.88
8360.57
8361.25
8361.94
8362.63
8363.32
8364.01
8364.7
8365.4
8366.09
8366.79
8367.49
8368.19
8368.89
8369.59
8370.29
8371
8371.7
8372.41
8373.12
8373.83
8374.54
8375.25
8375.96
8376.67
8377.39
8378.11
8378.82
8379.54
8380.26
8380.98
8381.71
8382.43
8383.16
8383.88
8384.61
8385.34
8386.07
8386.8
8387.53
8388.27
8389
8389.74
8390.48
8391.22
8391.96
8392.7
8393.44
8394.19
8394.93
8395.68
8396.42
8397.17
8397.92
8398.68
8399.43
8400.18
8400.94
8401.69
8402.45
8403.21
8403.97
8404.73
8405.49
8406.26
8407.02
8407.79
8408.56
8409.33
8410.1
8410.87
8411.64
8412.42
8413.19
8413.97
8414.74
8415.52
8416.3
8417.09
8417.87
8418.65
8419.44
8420.22
8421.01
8421.8
8422.59
8423.38
8424.18
8424.97
8425.76
8426.56
8427.36
8428.16
8428.96
8429.76
8430.56
8431.37
8432.17
8432.98
8433.79
8434.59
8435.4
8436.22
8437.03
8437.84
8438.66
8439.47
8440.29
8441.11
8441.93
8442.75
8443.58
8444.4
8445.23
8446.05
8446.88
8447.71
8448.54
8449.37
8450.2
8451.04
8451.87
8452.71
8453.55
8454.39
8455.23
8456.07
8456.91
8457.75
8458.6
8459.45
8460.29
8461.14
8461.99
8462.85
8463.7
8464.55
8465.41
8466.26
8467.12
8467.98
8468.84
8469.7
8470.57
8471.43
8472.3
8473.16
8474.03
8474.9
8475.77
8476.64
8477.51
8478.39
8479.26
8480.14
8481.02
8481.9
8482.78
8483.66
8484.54
8485.43
8486.31
8487.2
8488.09
8488.98
8489.87
8490.76
8491.65
8492.55
8493.44
8494.34
8495.24
8496.14
8497.04
8497.94
8498.84
8499.75
8500.65
8501.56
8502.47
8503.38
8504.29
8505.2
8506.11
8507.03
8507.94
8508.86
8509.78
8510.7
8511.62
8512.54
8513.46
8514.39
8515.31
8516.24
8517.17
8518.1
8519.03
8519.96
8520.89
8521.83
8522.76
8523.7
8524.64
8525.58
8526.52
8527.46
8528.4
8529.35
8530.3
8531.24
8532.19
8533.14
8534.09
8535.04
8536
8536.95
8537.91
8538.87
8539.82
8540.78
8541.75
8542.71
8543.67
8544.64
8545.6
8546.57
8547.54
8548.51
8549.48
8550.45
8551.43
8552.4
8553.38
8554.35
8555.33
8556.31
8557.29
8558.28
8559.26
8560.25
8561.23
8562.22
8563.21
8564.2
8565.19
8566.18
8567.18
8568.17
8569.17
8570.17
8571.17
8572.17
8573.17
8574.17
8575.17
8576.18
8577.19
8578.19
8579.2
8580.21
8581.23
8582.24
8583.25
8584.27
8585.28
8586.3
8587.32
8588.34
8589.36
8590.39
8591.41
8592.44
8593.46
8594.49
8595.52
8596.55
8597.58
8598.62
8599.65
8600.69
8601.73
8602.76
8603.8
8604.84
8605.89
8606.93
8607.97
8609.02
8610.07
8611.12
8612.17
8613.22
8614.27
8615.32
8616.38
8617.43
8618.49
8619.55
8620.61
8621.67
8622.73
8623.8
8624.86
8625.93
8627
8628.07
8629.14
8630.21
8631.28
8632.35
8633.43
8634.51
8635.58
8636.66
8637.74
8638.83
8639.91
8640.99
8642.08
8643.17
8644.25
8645.34
8646.43
8647.53
8648.62
8649.71
8650.81
8651.91
8653
8654.1
8655.2
8656.31
8657.41
8658.51
8659.62
8660.73
8661.84
8662.95
8664.06
8665.17
8666.28
8667.4
8668.51
8669.63
8670.75
8671.87
8672.99
8674.11
8675.24
8676.36
8677.49
8678.62
8679.75
8680.88
8682.01
8683.14
8684.28
8685.41
8686.55
8687.69
8688.82
8689.97
8691.11
8692.25
8693.39
8694.54
8695.69
8696.84
8697.99
8699.14
8700.29
8701.44
8702.6
8703.75
8704.91
8706.07
8707.23
8708.39
8709.55
8710.72
8711.88
8713.05
8714.21
8715.38
8716.55
8717.72
8718.9
8720.07
8721.25
8722.42
8723.6
8724.78
8725.96
8727.14
8728.33
8729.51
8730.7
8731.88
8733.07
8734.26
8735.45
8736.64
8737.84
8739.03
8740.23
8741.42
8742.62
8743.82
8745.02
8746.23
8747.43
8748.63
8749.84
8751.05
8752.26
8753.47
8754.68
8755.89
8757.11
8758.32
8759.54
8760.76
8761.97
8763.2
8764.42
8765.64
8766.86
8768.09
8769.32
8770.55
8771.78
8773.01
8774.24
8775.47
8776.71
8777.94
8779.18
8780.42
8781.66
8782.9
8784.14
8785.39
8786.63
8787.88
8789.13
8790.38
8791.63
8792.88
8794.13
8795.38
8796.64
8797.9
8799.16
8800.42
8801.68
8802.94
8804.2
8805.47
8806.73
8808
8809.27
8810.54
8811.81
8813.08
8814.36
8815.63
8816.91
8818.18
8819.46
8820.74
8822.03
8823.31
8824.59
8825.88
8827.17
8828.45
8829.74
8831.03
8832.33
8833.62
8834.91
8836.21
8837.51
8838.81
8840.11
8841.41
8842.71
8844.01
8845.32
8846.63
8847.93
8849.24
8850.55
8851.87
8853.18
8854.49
8855.81
8857.13
8858.44
8859.76
8861.08
8862.41
8863.73
8865.06
8866.38
8867.71
8869.04
8870.37
8871.7
8873.03
8874.37
8875.7
8877.04
8878.38
8879.72
8881.06
8882.4
8883.74
8885.09
8886.43
8887.78
8889.13
8890.48
8891.83
8893.18
8894.54
8895.89
8897.25
8898.61
8899.96
8901.32
8902.69
8904.05
8905.41
8906.78
8908.15
8909.52
8910.88
8912.26
8913.63
8915
8916.38
8917.75
8919.13
8920.51
8921.89
8923.27
8924.65
8926.04
8927.42
8928.81
8930.2
8931.59
8932.98
8934.37
8935.77
8937.16
8938.56
8939.95
8941.35
8942.75
8944.15
8945.56
8946.96
8948.37
8949.77
8951.18
8952.59
8954
8955.41
8956.83
8958.24
8959.66
8961.08
8962.5
8963.92
8965.34
8966.76
8968.18
8969.61
8971.04
8972.46
8973.89
8975.32
8976.76
8978.19
8979.62
8981.06
8982.5
8983.94
8985.38
8986.82
8988.26
8989.71
8991.15
8992.6
8994.05
8995.5
8996.95
8998.4
8999.85
9001.31
9002.76
9004.22
9005.68
9007.14
9008.6
9010.06
9011.53
9012.99
9014.46
9015.93
9017.4
9018.87
9020.34
9021.81
9023.29
9024.77
9026.24
9027.72
9029.2
9030.68
9032.17
9033.65
9035.14
9036.62
9038.11
9039.6
9041.09
9042.59
9044.08
9045.58
9047.07
9048.57
9050.07
9051.57
9053.07
9054.57
9056.08
9057.58
9059.09
9060.6
9062.11
9063.62
9065.13
9066.65
9068.16
9069.68
9071.2
9072.72
9074.24
9075.76
9077.28
9078.81
9080.34
9081.86
9083.39
9084.92
9086.45
9087.99
9089.52
9091.06
9092.59
9094.13
9095.67
9097.21
9098.76
9100.3
9101.85
9103.39
9104.94
9106.49
9108.04
9109.59
9111.14
9112.7
9114.26
9115.81
9117.37
9118.93
9120.49
9122.06
9123.62
9125.19
9126.75
9128.32
9129.89
9131.46
9133.03
9134.61
9136.18
9137.76
9139.34
9140.92
9142.5
9144.08
9145.66
9147.25
9148.83
9150.42
9152.01
9153.6
9155.19
9156.79
9158.38
9159.98
9161.57
9163.17
9164.77
9166.37
9167.97
9169.58
9171.18
9172.79
9174.4
9176.01
9177.62
9179.23
9180.84
9182.46
9184.08
9185.69
9187.31
9188.93
9190.55
9192.18
9193.8
9195.43
9197.06
9198.68
9200.31
9201.95
9203.58
9205.21
9206.85
9208.49
9210.12
9211.76
9213.4
9215.05
9216.69
9218.34
9219.98
9221.63
9223.28
9224.93
9226.58
9228.24
9229.89
9231.55
9233.21
9234.86
9236.53
9238.19
9239.85
9241.51
9243.18
9244.85
9246.52
9248.19
9249.86
9251.53
9253.21
9254.88
9256.56
9258.24
9259.92
9261.6
9263.28
9264.97
9266.65
9268.34
9270.03
9271.72
9273.41
9275.1
9276.79
9278.49
9280.19
9281.88
9283.58
9285.28
9286.99
9288.69
9290.39
9292.1
9293.81
9295.52
9297.23
9298.94
9300.65
9302.37
9304.09
9305.8
9307.52
9309.24
9310.96
9312.69
9314.41
9316.14
9317.87
9319.59
9321.33
9323.06
9324.79
9326.52
9328.26
9330
9331.74
9333.48
9335.22
9336.96
9338.71
9340.45
9342.2
9343.95
9345.7
9347.45
9349.2
9350.96
9352.71
9354.47
9356.23
9357.99
9359.75
9361.51
9363.27
9365.04
9366.81
9368.58
9370.34
9372.12
9373.89
9375.66
9377.44
9379.21
9380.99
9382.77
9384.55
9386.34
9388.12
9389.91
9391.69
9393.48
9395.27
9397.06
9398.85
9400.65
9402.44
9404.24
9406.04
9407.84
9409.64
9411.44
9413.25
9415.05
9416.86
9418.67
9420.47
9422.29
9424.1
9425.91
9427.73
9429.54
9431.36
9433.18
9435
9436.83
9438.65
9440.47
9442.3
9444.13
9445.96
9447.79
9449.62
9451.46
9453.29
9455.13
9456.97
9458.81
9460.65
9462.49
9464.33
9466.18
9468.03
9469.87
9471.72
9473.57
9475.43
9477.28
9479.14
9480.99
9482.85
9484.71
9486.57
9488.44
9490.3
9492.17
9494.03
9495.9
9497.77
9499.64
9501.51
9503.39
9505.26
9507.14
9509.02
9510.9
9512.78
9514.66
9516.55
9518.43
9520.32
9522.21
9524.1
9525.99
9527.89
9529.78
9531.68
9533.57
9535.47
9537.37
9539.27
9541.18
9543.08
9544.99
9546.9
9548.8
9550.72
9552.63
9554.54
9556.46
9558.37
9560.29
9562.21
9564.13
9566.05
9567.98
9569.9
9571.83
9573.76
9575.68
9577.62
9579.55
9581.48
9583.42
9585.35
9587.29
9589.23
9591.17
9593.12
9595.06
9597.01
9598.95
9600.9
9602.85
9604.8
9606.76
9608.71
9610.67
9612.62
9614.58
9616.54
9618.5
9620.47
9622.43
9624.4
9626.37
9628.33
9630.31
9632.28
9634.25
9636.23
9638.2
9640.18
9642.16
9644.14
9646.12
9648.11
9650.09
9652.08
9654.07
9656.06
9658.05
9660.04
9662.04
9664.03
9666.03
9668.03
9670.03
9672.03
9674.03
9676.04
9678.04
9680.05
9682.06
9684.07
9686.08
9688.1
9690.11
9692.13
9694.15
9696.17
9698.19
9700.21
9702.23
9704.26
9706.29
9708.32
9710.35
9712.38
9714.41
9716.44
9718.48
9720.52
9722.56
9724.6
9726.64
9728.68
9730.73
9732.77
9734.82
9736.87
9738.92
9740.98
9743.03
9745.09
9747.14
9749.2
9751.26
9753.32
9755.39
9757.45
9759.52
9761.58
9763.65
9765.72
9767.8
9769.87
9771.94
9774.02
9776.1
9778.18
9780.26
9782.34
9784.43
9786.51
9788.6
9790.69
9792.78
9794.87
9796.96
9799.06
9801.15
9803.25
9805.35
9807.45
9809.55
9811.66
9813.76
9815.87
9817.98
9820.09
9822.2
9824.31
9826.43
9828.54
9830.66
9832.78
9834.9
9837.02
9839.15
9841.27
9843.4
9845.53
9847.66
9849.79
9851.92
9854.06
9856.19
9858.33
9860.47
9862.61
9864.75
9866.9
9869.04
9871.19
9873.34
9875.48
9877.64
9879.79
9881.94
9884.1
9886.26
9888.42
9890.58
9892.74
9894.9
9897.07
9899.23
9901.4
9903.57
9905.74
9907.92
9910.09
9912.27
9914.44
9916.62
9918.8
9920.99
9923.17
9925.35
9927.54
9929.73
9931.92
9934.11
9936.3
9938.5
9940.69
9942.89
9945.09
9947.29
9949.49
9951.7
9953.9
9956.11
9958.32
9960.53
9962.74
9964.95
9967.17
9969.38
9971.6
9973.82
9976.04
9978.27
9980.49
9982.71
9984.94
9987.17
9989.4
9991.63
9993.87
9996.1
9998.34
10000.6
10002.8
10005.1
10007.3
10009.5
10011.8
10014
10016.3
10018.5
10020.8
10023
10025.3
10027.6
10029.8
10032.1
10034.3
10036.6
10038.9
10041.1
10043.4
10045.7
10047.9
10050.2
10052.5
10054.8
10057
10059.3
10061.6
10063.9
10066.2
10068.5
10070.7
10073
10075.3
10077.6
10079.9
10082.2
10084.5
10086.8
10089.1
10091.4
10093.7
10096
10098.3
10100.6
10102.9
10105.2
10107.6
10109.9
10112.2
10114.5
10116.8
10119.1
10121.5
10123.8
10126.1
10128.4
10130.8
10133.1
10135.4
10137.8
10140.1
10142.4
10144.8
10147.1
10149.5
10151.8
10154.1
10156.5
10158.8
10161.2
10163.5
10165.9
10168.2
10170.6
10173
10175.3
10177.7
10180
10182.4
10184.8
10187.1
10189.5
10191.9
10194.2
10196.6
10199
10201.4
10203.7
10206.1
10208.5
10210.9
10213.3
10215.7
10218.1
10220.4
10222.8
10225.2
10227.6
10230
10232.4
10234.8
10237.2
10239.6
10242
10244.4
10246.8
10249.2
10251.7
10254.1
10256.5
10258.9
10261.3
10263.7
10266.2
10268.6
10271
10273.4
10275.9
10278.3
10280.7
10283.2
10285.6
10288
10290.5
10292.9
10295.3
10297.8
10300.2
10302.7
10305.1
10307.6
10310
10312.5
10314.9
10317.4
10319.8
10322.3
10324.8
10327.2
10329.7
10332.1
10334.6
10337.1
10339.6
10342
10344.5
10347
10349.5
10351.9
10354.4
10356.9
10359.4
10361.9
10364.4
10366.8
10369.3
10371.8
10374.3
10376.8
10379.3
10381.8
10384.3
10386.8
10389.3
10391.8
10394.3
10396.8
10399.3
10401.9
10404.4
10406.9
10409.4
10411.9
10414.4
10417
10419.5
10422
10424.5
10427.1
10429.6
10432.1
10434.7
10437.2
10439.7
10442.3
10444.8
10447.4
10449.9
10452.5
10455
10457.5
10460.1
10462.7
10465.2
10467.8
10470.3
10472.9
10475.4
10478
10480.6
10483.1
10485.7
10488.3
10490.8
10493.4
10496
10498.6
10501.1
10503.7
10506.3
10508.9
10511.5
10514.1
10516.7
10519.2
10521.8
10524.4
10527
10529.6
10532.2
10534.8
10537.4
10540
10542.6
10545.2
10547.8
10550.5
10553.1
10555.7
10558.3
10560.9
10563.5
10566.2
10568.8
10571.4
10574
10576.7
10579.3
10581.9
10584.5
10587.2
10589.8
10592.5
10595.1
10597.7
10600.4
10603
10605.7
10608.3
10611
10613.6
10616.3
10618.9
10621.6
10624.3
10626.9
10629.6
10632.2
10634.9
10637.6
10640.2
10642.9
10645.6
10648.3
10650.9
10653.6
10656.3
10659
10661.7
10664.3
10667
10669.7
10672.4
10675.1
10677.8
10680.5
10683.2
10685.9
10688.6
10691.3
10694
10696.7
10699.4
10702.1
10704.8
10707.6
10710.3
10713
10715.7
10718.4
10721.1
10723.9
10726.6
10729.3
10732.1
10734.8
10737.5
10740.3
10743
10745.7
10748.5
10751.2
10754
10756.7
10759.4
10762.2
10764.9
10767.7
10770.4
10773.2
10776
10778.7
10781.5
10784.2
10787
10789.8
10792.5
10795.3
10798.1
10800.9
10803.6
10806.4
10809.2
10812
10814.8
10817.5
10820.3
10823.1
10825.9
10828.7
10831.5
10834.3
10837.1
10839.9
10842.7
10845.5
10848.3
10851.1
10853.9
10856.7
10859.5
10862.3
10865.2
10868
10870.8
10873.6
10876.4
10879.3
10882.1
10884.9
10887.8
10890.6
10893.4
10896.3
10899.1
10901.9
10904.8
10907.6
10910.5
10913.3
10916.2
10919
10921.9
10924.7
10927.6
10930.4
10933.3
10936.1
10939
10941.9
10944.7
10947.6
10950.5
10953.3
10956.2
10959.1
10962
10964.9
10967.7
10970.6
10973.5
10976.4
10979.3
10982.2
10985.1
10988
10990.8
10993.7
10996.6
10999.5
11002.5
11005.4
11008.3
11011.2
11014.1
11017
11019.9
11022.8
11025.7
11028.7
11031.6
11034.5
11037.4
11040.4
11043.3
11046.2
11049.2
11052.1
11055
11058
11060.9
11063.9
11066.8
11069.7
11072.7
11075.6
11078.6
11081.6
11084.5
11087.5
11090.4
11093.4
11096.3
11099.3
11102.3
11105.2
11108.2
11111.2
11114.2
11117.1
11120.1
11123.1
11126.1
11129.1
11132.1
11135
11138
11141
11144
11147
11150
11153
11156
11159
11162
11165
11168
11171
11174.1
11177.1
11180.1
11183.1
11186.1
11189.2
11192.2
11195.2
11198.2
11201.3
11204.3
11207.3
11210.4
11213.4
11216.4
11219.5
11222.5
11225.6
11228.6
11231.7
11234.7
11237.8
11240.8
11243.9
11246.9
11250
11253.1
11256.1
11259.2
11262.3
11265.3
11268.4
11271.5
11274.6
11277.6
11280.7
11283.8
11286.9
11290
11293.1
11296.1
11299.2
11302.3
11305.4
11308.5
11311.6
11314.7
11317.8
11320.9
11324
11327.2
11330.3
11333.4
11336.5
11339.6
11342.7
11345.9
11349
11352.1
11355.2
11358.4
11361.5
11364.6
11367.8
11370.9
11374
11377.2
11380.3
11383.5
11386.6
11389.8
11392.9
11396.1
11399.2
11402.4
11405.5
11408.7
11411.9
11415
11418.2
11421.4
11424.5
11427.7
11430.9
11434.1
11437.2
11440.4
11443.6
11446.8
11450
11453.2
11456.3
11459.5
11462.7
11465.9
11469.1
11472.3
11475.5
11478.7
11481.9
11485.2
11488.4
11491.6
11494.8
11498
11501.2
11504.4
11507.7
11510.9
11514.1
11517.4
11520.6
11523.8
11527.1
11530.3
11533.5
11536.8
11540
11543.3
11546.5
11549.8
11553
11556.3
11559.5
11562.8
11566
11569.3
11572.6
11575.8
11579.1
11582.4
11585.6
11588.9
11592.2
11595.5
11598.7
11602
11605.3
11608.6
11611.9
11615.2
11618.5
11621.8
11625.1
11628.4
11631.7
11635
11638.3
11641.6
11644.9
11648.2
11651.5
11654.8
11658.1
11661.5
11664.8
11668.1
11671.4
11674.8
11678.1
11681.4
11684.7
11688.1
11691.4
11694.8
11698.1
11701.4
11704.8
11708.1
11711.5
11714.8
11718.2
11721.6
11724.9
11728.3
11731.6
11735
11738.4
11741.7
11745.1
11748.5
11751.9
11755.2
11758.6
11762
11765.4
11768.8
11772.2
11775.6
11778.9
11782.3
11785.7
11789.1
11792.5
11795.9
11799.3
11802.8
11806.2
11809.6
11813
11816.4
11819.8
11823.2
11826.7
11830.1
11833.5
11836.9
11840.4
11843.8
11847.2
11850.7
11854.1
11857.6
11861
11864.5
11867.9
11871.4
11874.8
11878.3
11881.7
11885.2
11888.6
11892.1
11895.6
11899
11902.5
11906
11909.5
11912.9
11916.4
11919.9
11923.4
11926.9
11930.3
11933.8
11937.3
11940.8
11944.3
11947.8
11951.3
11954.8
11958.3
11961.8
11965.3
11968.8
11972.4
11975.9
11979.4
11982.9
11986.4
11990
11993.5
11997
12000.5
12004.1
12007.6
12011.1
12014.7
12018.2
12021.8
12025.3
12028.9
12032.4
12036
12039.5
12043.1
12046.6
12050.2
12053.8
12057.3
12060.9
12064.5
12068
12071.6
12075.2
12078.8
12082.4
12085.9
12089.5
12093.1
12096.7
12100.3
12103.9
12107.5
12111.1
12114.7
12118.3
12121.9
12125.5
12129.1
12132.7
12136.3
12140
12143.6
12147.2
12150.8
12154.5
12158.1
12161.7
12165.3
12169
12172.6
12176.3
12179.9
12183.5
12187.2
12190.8
12194.5
12198.2
12201.8
12205.5
12209.1
12212.8
12216.5
12220.1
12223.8
12227.5
12231.1
12234.8
12238.5
12242.2
12245.9
12249.5
12253.2
12256.9
12260.6
12264.3
12268
12271.7
12275.4
12279.1
12282.8
12286.5
12290.2
12293.9
12297.7
12301.4
12305.1
12308.8
12312.5
12316.3
12320
12323.7
12327.5
12331.2
12334.9
12338.7
12342.4
12346.2
12349.9
12353.7
12357.4
12361.2
12364.9
12368.7
12372.5
12376.2
12380
12383.8
12387.5
12391.3
12395.1
12398.9
12402.6
12406.4
12410.2
12414
12417.8
12421.6
12425.4
12429.2
12433
12436.8
12440.6
12444.4
12448.2
12452
12455.8
12459.6
12463.5
12467.3
12471.1
12474.9
12478.8
12482.6
12486.4
12490.2
12494.1
12497.9
12501.8
12505.6
12509.5
12513.3
12517.2
12521
12524.9
12528.7
12532.6
12536.5
12540.3
12544.2
12548.1
12551.9
12555.8
12559.7
12563.6
12567.5
12571.3
12575.2
12579.1
12583
12586.9
12590.8
12594.7
12598.6
12602.5
12606.4
12610.3
12614.2
12618.2
12622.1
12626
12629.9
12633.8
12637.8
12641.7
12645.6
12649.6
12653.5
12657.4
12661.4
12665.3
12669.3
12673.2
12677.2
12681.1
12685.1
12689
12693
12697
12700.9
12704.9
12708.9
12712.8
12716.8
12720.8
12724.8
12728.8
12732.8
12736.7
12740.7
12744.7
12748.7
12752.7
12756.7
12760.7
12764.7
12768.7
12772.8
12776.8
12780.8
12784.8
12788.8
12792.8
12796.9
12800.9
12804.9
12809
12813
12817
12821.1
12825.1
12829.2
12833.2
12837.3
12841.3
12845.4
12849.4
12853.5
12857.6
12861.6
12865.7
12869.8
12873.9
12877.9
12882
12886.1
12890.2
12894.3
12898.3
12902.4
12906.5
12910.6
12914.7
12918.8
12922.9
12927
12931.2
12935.3
12939.4
12943.5
12947.6
12951.7
12955.9
12960
12964.1
12968.3
12972.4
12976.5
12980.7
12984.8
12989
12993.1
12997.3
13001.4
13005.6
13009.7
13013.9
13018.1
13022.2
13026.4
13030.6
13034.7
13038.9
13043.1
13047.3
13051.5
13055.7
13059.8
13064
13068.2
13072.4
13076.6
13080.8
13085
13089.3
13093.5
13097.7
13101.9
13106.1
13110.3
13114.6
13118.8
13123
13127.3
13131.5
13135.7
13140
13144.2
13148.5
13152.7
13157
13161.2
13165.5
13169.7
13174
13178.3
13182.5
13186.8
13191.1
13195.3
13199.6
13203.9
13208.2
13212.5
13216.8
13221
13225.3
13229.6
13233.9
13238.2
13242.5
13246.9
13251.2
13255.5
13259.8
13264.1
13268.4
13272.8
13277.1
13281.4
13285.7
13290.1
13294.4
13298.8
13303.1
13307.4
13311.8
13316.1
13320.5
13324.9
13329.2
13333.6
13337.9
13342.3
13346.7
13351.1
13355.4
13359.8
13364.2
13368.6
13373
13377.3
13381.7
13386.1
13390.5
13394.9
13399.3
13403.7
13408.2
13412.6
13417
13421.4
13425.8
13430.2
13434.7
13439.1
13443.5
13448
13452.4
13456.8
13461.3
13465.7
13470.2
13474.6
13479.1
13483.5
13488
13492.5
13496.9
13501.4
13505.9
13510.3
13514.8
13519.3
13523.8
13528.3
13532.7
13537.2
13541.7
13546.2
13550.7
13555.2
13559.7
13564.2
13568.7
13573.3
13577.8
13582.3
13586.8
13591.3
13595.9
13600.4
13604.9
13609.5
13614
13618.6
13623.1
13627.6
13632.2
13636.7
13641.3
13645.9
13650.4
13655
13659.6
13664.1
13668.7
13673.3
13677.9
13682.4
13687
13691.6
13696.2
13700.8
13705.4
13710
13714.6
13719.2
13723.8
13728.4
13733
13737.7
13742.3
13746.9
13751.5
13756.2
13760.8
13765.4
13770.1
13774.7
13779.3
13784
13788.6
13793.3
13798
13802.6
13807.3
13811.9
13816.6
13821.3
13826
13830.6
13835.3
13840
13844.7
13849.4
13854.1
13858.7
13863.4
13868.1
13872.9
13877.6
13882.3
13887
13891.7
13896.4
13901.1
13905.9
13910.6
13915.3
13920.1
13924.8
13929.5
13934.3
13939
13943.8
13948.5
13953.3
13958
13962.8
13967.6
13972.3
13977.1
13981.9
13986.6
13991.4
13996.2
14001
14005.8
14010.6
14015.4
14020.2
14025
14029.8
14034.6
14039.4
14044.2
14049
14053.8
14058.6
14063.5
14068.3
14073.1
14078
14082.8
14087.6
14092.5
14097.3
14102.2
14107
14111.9
14116.8
14121.6
14126.5
14131.4
14136.2
14141.1
14146
14150.9
14155.7
14160.6
14165.5
14170.4
14175.3
14180.2
14185.1
14190
14194.9
14199.8
14204.8
14209.7
14214.6
14219.5
14224.5
14229.4
14234.3
14239.3
14244.2
14249.1
14254.1
14259
14264
14269
14273.9
14278.9
14283.8
14288.8
14293.8
14298.8
14303.7
14308.7
14313.7
14318.7
14323.7
14328.7
14333.7
14338.7
14343.7
14348.7
14353.7
14358.7
14363.8
14368.8
14373.8
14378.8
14383.9
14388.9
14393.9
14399
14404
14409.1
14414.1
14419.2
14424.2
14429.3
14434.4
14439.4
14444.5
14449.6
14454.6
14459.7
14464.8
14469.9
14475
14480.1
14485.2
14490.3
14495.4
14500.5
14505.6
14510.7
14515.8
14521
14526.1
14531.2
14536.3
14541.5
14546.6
14551.7
14556.9
14562
14567.2
14572.3
14577.5
14582.7
14587.8
14593
14598.2
14603.3
14608.5
14613.7
14618.9
14624.1
14629.3
14634.4
14639.6
14644.8
14650.1
14655.3
14660.5
14665.7
14670.9
14676.1
14681.3
14686.6
14691.8
14697
14702.3
14707.5
14712.8
14718
14723.3
14728.5
14733.8
14739
14744.3
14749.6
14754.9
14760.1
14765.4
14770.7
14776
14781.3
14786.6
14791.9
14797.2
14802.5
14807.8
14813.1
14818.4
14823.7
14829
14834.4
14839.7
14845
14850.4
14855.7
14861
14866.4
14871.7
14877.1
14882.5
14887.8
14893.2
14898.5
14903.9
14909.3
14914.7
14920
14925.4
14930.8
14936.2
14941.6
14947
14952.4
14957.8
14963.2
14968.6
14974.1
14979.5
14984.9
14990.3
14995.8
15001.2
15006.6
15012.1
15017.5
15023
15028.4
15033.9
15039.3
15044.8
15050.3
15055.7
15061.2
15066.7
15072.2
15077.7
15083.2
15088.6
15094.1
15099.6
15105.1
15110.7
15116.2
15121.7
15127.2
15132.7
15138.2
15143.8
15149.3
15154.8
15160.4
15165.9
15171.5
15177
15182.6
15188.1
15193.7
15199.3
15204.8
15210.4
15216
15221.6
15227.2
15232.7
15238.3
15243.9
15249.5
15255.1
15260.7
15266.4
15272
15277.6
15283.2
15288.8
15294.5
15300.1
15305.7
15311.4
15317
15322.7
15328.3
15334
15339.6
