0
0.116288
0.232785
0.349494
0.466416
0.583553
0.700907
0.818479
0.936271
1.05429
1.17252
1.29099
1.40968
1.52859
1.64774
1.76712
1.88674
2.00659
2.12668
2.24701
2.36757
2.48838
2.60944
2.73074
2.85229
2.97408
3.09613
3.21843
3.34099
3.4638
3.58687
3.7102
3.83379
3.95765
4.08177
4.20615
4.33081
4.45573
4.58093
4.7064
4.83215
4.95817
5.08447
5.21105
5.33792
5.46507
5.5925
5.72022
5.84824
5.97654
6.10513
6.23402
6.36321
6.49269
6.62248
6.75256
6.88295
7.01364
7.14464
7.27595
7.40757
7.5395
7.67175
7.80431
7.93718
8.07038
8.2039
8.33774
8.4719
8.60639
8.74121
8.87636
9.01184
9.14765
9.28379
9.42028
9.5571
9.69426
9.83176
9.96961
10.1078
10.2463
10.3852
10.5245
10.6641
10.804
10.9443
11.085
11.226
11.3674
11.5091
11.6512
11.7937
11.9365
12.0797
12.2233
12.3673
12.5116
12.6563
12.8014
12.9469
13.0927
13.239
13.3856
13.5326
13.68
13.8278
13.976
14.1245
14.2735
14.4229
14.5727
14.7228
14.8734
15.0244
15.1758
15.3276
15.4798
15.6324
15.7855
15.9389
16.0928
16.2471
16.4018
16.557
16.7125
16.8685
17.0249
17.1818
17.3391
17.4968
17.6549
17.8135
17.9726
18.132
18.2919
18.4523
18.6131
18.7744
18.9361
19.0982
19.2608
19.4239
19.5874
19.7514
19.9158
20.0807
20.2461
20.4119
20.5783
20.745
20.9123
21.08
21.2482
21.4169
21.586
21.7557
21.9258
22.0964
22.2675
22.439
22.6111
22.7836
22.9567
23.1302
23.3043
23.4788
23.6539
23.8294
24.0055
24.182
24.3591
24.5366
24.7147
24.8933
25.0724
25.2521
25.4322
25.6129
25.7941
25.9758
26.158
26.3408
26.5241
26.7079
26.8923
27.0772
27.2626
27.4486
27.6351
27.8222
28.0098
28.1979
28.3866
28.5759
28.7657
28.956
29.1469
29.3384
29.5304
29.723
29.9161
30.1099
30.3041
30.499
30.6944
30.8904
31.0869
31.2841
31.4818
31.6801
31.879
32.0784
32.2785
32.4791
32.6803
32.8821
33.0845
33.2875
33.4911
33.6953
33.9
34.1054
34.3114
34.518
34.7252
34.933
35.1414
35.3505
35.5601
35.7704
35.9812
36.1927
36.4049
36.6176
36.831
37.045
37.2596
37.4749
37.6907
37.9073
38.1244
38.3422
38.5607
38.7797
38.9995
39.2198
39.4408
39.6625
39.8848
40.1078
40.3314
40.5557
40.7806
41.0062
41.2325
41.4594
41.687
41.9153
42.1442
42.3738
42.6041
42.835
43.0667
43.299
43.5319
43.7656
44
44.235
44.4707
44.7072
44.9443
45.1821
45.4206
45.6598
45.8997
46.1403
46.3816
46.6236
46.8663
47.1098
47.3539
47.5988
47.8443
48.0906
48.3376
48.5853
48.8338
49.0829
49.3328
49.5835
49.8348
50.0869
50.3397
50.5933
50.8476
51.1026
51.3584
51.6149
51.8722
52.1302
52.3889
52.6484
52.9087
53.1697
53.4315
53.694
53.9573
54.2213
54.4862
54.7517
55.0181
55.2852
55.5531
55.8218
56.0912
56.3614
56.6324
56.9042
57.1767
57.4501
57.7242
57.9991
58.2749
58.5514
58.8287
59.1068
59.3856
59.6653
59.9458
60.2271
60.5092
60.7922
61.0759
61.3604
61.6458
61.9319
62.2189
62.5067
62.7953
63.0848
63.3751
63.6662
63.9581
64.2508
64.5444
64.8389
65.1341
65.4302
65.7272
66.025
66.3236
66.6231
66.9234
67.2246
67.5266
67.8295
68.1332
68.4378
68.7433
69.0496
69.3568
69.6648
69.9737
70.2835
70.5942
70.9057
71.2181
71.5314
71.8455
72.1606
72.4765
72.7933
73.111
73.4296
73.7491
74.0695
74.3907
74.7129
75.036
75.3599
75.6848
76.0106
76.3373
76.6648
76.9933
77.3228
77.6531
77.9843
78.3165
78.6496
78.9836
79.3185
79.6544
79.9911
80.3289
80.6675
81.0071
81.3476
81.6891
82.0314
82.3748
82.7191
83.0643
83.4105
83.7576
84.1057
84.4547
84.8047
85.1556
85.5075
85.8604
86.2142
86.569
86.9248
87.2815
87.6392
87.9979
88.3576
88.7182
89.0798
89.4424
89.806
90.1706
90.5361
90.9027
91.2702
91.6387
92.0082
92.3788
92.7503
93.1228
93.4963
93.8709
94.2464
94.623
95.0005
95.3791
95.7587
96.1393
96.5209
96.9036
97.2872
97.6719
98.0577
98.4444
98.8322
99.221
99.6109
100.002
100.394
100.787
101.181
101.576
101.972
102.369
102.767
103.167
103.567
103.968
104.371
104.774
105.179
105.584
105.991
106.399
106.808
107.218
107.629
108.041
108.454
108.868
109.283
109.7
110.117
110.536
110.956
111.376
111.798
112.221
112.645
113.071
113.497
113.924
114.353
114.782
115.213
115.645
116.078
116.512
116.947
117.383
117.821
118.259
118.699
119.14
119.582
120.025
120.469
120.915
121.361
121.809
122.258
122.708
123.159
123.611
124.064
124.519
124.975
125.431
125.89
126.349
126.809
127.271
127.733
128.197
128.662
129.129
129.596
130.065
130.534
131.005
131.478
131.951
132.425
132.901
133.378
133.856
134.336
134.816
135.298
135.781
136.265
136.75
137.237
137.725
138.214
138.704
139.195
139.688
140.182
140.677
141.173
141.671
142.17
142.67
143.171
143.674
144.177
144.682
145.189
145.696
146.205
146.715
147.226
147.739
148.252
148.767
149.284
149.801
150.32
150.84
151.362
151.884
152.408
152.933
153.46
153.988
154.517
155.047
155.579
156.112
156.646
157.181
157.718
158.256
158.796
159.336
159.878
160.422
160.966
161.512
162.059
162.608
163.158
163.709
164.262
164.816
165.371
165.927
166.485
167.044
167.605
168.167
168.73
169.294
169.86
170.427
170.996
171.566
172.137
172.71
173.284
173.859
174.436
175.014
175.593
176.174
176.756
177.34
177.925
178.511
179.099
179.688
180.278
180.87
181.464
182.058
182.654
183.252
183.85
184.451
185.052
185.655
186.26
186.865
187.473
188.081
188.691
189.303
189.916
190.53
191.146
191.763
192.381
193.001
193.623
194.246
194.87
195.496
196.123
196.752
197.382
198.013
198.646
199.281
199.917
200.554
201.193
201.833
202.475
203.118
203.762
204.409
205.056
205.705
206.356
207.008
207.661
208.316
208.973
209.631
210.29
210.951
211.614
212.278
212.943
213.61
214.278
214.948
215.62
216.293
216.967
217.643
218.321
219
219.68
220.362
221.046
221.731
222.418
223.106
223.795
224.487
225.179
225.874
226.57
227.267
227.966
228.667
229.369
230.072
230.777
231.484
232.192
232.902
233.614
234.327
235.041
235.758
236.475
237.195
237.915
238.638
239.362
240.088
240.815
241.544
242.274
243.006
243.74
244.475
245.212
245.95
246.69
247.432
248.175
248.92
249.666
250.414
251.164
251.915
252.668
253.423
254.179
254.937
255.696
256.458
257.22
257.985
258.751
259.519
260.288
261.059
261.832
262.606
263.382
264.159
264.939
265.72
266.502
267.287
268.073
268.86
269.65
270.441
271.233
272.028
272.824
273.621
274.421
275.222
276.025
276.829
277.635
278.443
279.253
280.064
280.877
281.692
282.509
283.327
284.147
284.968
285.792
286.617
287.444
288.272
289.102
289.934
290.768
291.604
292.441
293.28
294.121
294.963
295.807
296.653
297.501
298.351
299.202
300.055
300.91
301.766
302.625
303.485
304.347
305.21
306.076
306.943
307.812
308.683
309.555
310.43
311.306
312.184
313.064
313.945
314.829
315.714
316.601
317.49
318.38
319.273
320.167
321.063
321.961
322.861
323.762
324.666
325.571
326.478
327.387
328.298
329.211
330.125
331.041
331.959
332.879
333.801
334.725
335.651
336.578
337.507
338.439
339.372
340.307
341.243
342.182
343.123
344.065
345.009
345.956
346.904
347.854
348.806
349.759
350.715
351.673
352.632
353.594
354.557
355.522
356.489
357.458
358.429
359.402
360.377
361.354
362.333
363.313
364.296
365.28
366.267
367.255
368.246
369.238
370.232
371.228
372.226
373.227
374.229
375.233
376.239
377.247
378.256
379.268
380.282
381.298
382.316
383.336
384.357
385.381
386.407
387.435
388.465
389.496
390.53
391.566
392.604
393.643
394.685
395.729
396.775
397.823
398.872
399.924
400.978
402.034
403.092
404.152
405.214
406.278
407.344
408.412
409.483
410.555
411.629
412.706
413.784
414.864
415.947
417.032
418.118
419.207
420.298
421.391
422.486
423.583
424.682
425.783
426.886
427.992
429.099
430.209
431.32
432.434
433.55
434.668
435.788
436.91
438.034
439.161
440.289
441.42
442.553
443.688
444.825
445.964
447.105
448.249
449.394
450.542
451.692
452.844
453.998
455.154
456.313
457.473
458.636
459.801
460.968
462.137
463.309
464.482
465.658
466.836
468.016
469.198
470.383
471.57
472.759
473.95
475.143
476.338
477.536
478.736
479.938
481.142
482.349
483.558
484.769
485.982
487.197
488.415
489.635
490.857
492.081
493.308
494.536
495.767
497.001
498.236
499.474
500.714
501.956
503.201
504.448
505.697
506.948
508.202
509.457
510.716
511.976
513.239
514.504
515.771
517.041
518.312
519.587
520.863
522.142
523.423
524.706
525.992
527.28
528.57
529.862
531.157
532.455
533.754
535.056
536.36
537.667
538.976
540.287
541.6
542.916
544.234
545.555
546.878
548.203
549.531
550.861
552.193
553.528
554.865
556.204
557.546
558.89
560.237
561.586
562.937
564.291
565.647
567.005
568.366
569.729
571.095
572.463
573.834
575.207
576.582
577.96
579.34
580.722
582.107
583.495
584.884
586.277
587.671
589.069
590.468
591.87
593.275
594.681
596.091
597.503
598.917
600.334
601.753
603.174
604.598
606.025
607.454
608.886
610.32
611.756
613.195
614.636
616.08
617.527
618.976
620.427
621.881
623.337
624.796
626.258
627.722
629.188
630.657
632.129
633.603
635.079
636.558
638.04
639.524
641.011
642.5
643.992
645.486
646.983
648.482
649.984
651.489
652.996
654.505
656.018
657.532
659.05
660.57
662.092
663.617
665.145
666.675
668.208
669.743
671.282
672.822
674.365
675.911
677.46
679.011
680.564
682.121
683.679
685.241
686.805
688.372
689.941
691.513
693.088
694.665
696.245
697.828
699.413
701.001
702.591
704.184
705.78
707.379
708.98
710.584
712.19
713.799
715.411
717.026
718.643
720.263
721.886
723.511
725.139
726.77
728.403
730.039
731.678
733.319
734.963
736.61
738.26
739.912
741.567
743.225
744.886
746.549
748.215
749.884
751.555
753.229
754.906
756.586
758.269
759.954
761.642
763.333
765.026
766.722
768.421
770.123
771.828
773.535
775.246
776.958
778.674
780.393
782.114
783.838
785.565
787.295
789.027
790.763
792.501
794.242
795.986
797.732
799.482
801.234
802.989
804.747
806.508
808.272
810.038
811.808
813.58
815.355
817.133
818.913
820.697
822.484
824.273
826.065
827.86
829.658
831.459
833.263
835.069
836.879
838.691
840.507
842.325
844.146
845.97
847.797
849.627
851.46
853.295
855.134
856.975
858.82
860.667
862.517
864.371
866.227
868.086
869.948
871.813
873.681
875.552
877.426
879.303
881.182
883.065
884.951
886.84
888.731
890.626
892.524
894.424
896.328
898.235
900.144
902.057
903.973
905.891
907.813
909.738
911.665
913.596
915.53
917.466
919.406
921.349
923.295
925.244
927.196
929.151
931.109
933.07
935.034
937.001
938.971
940.945
942.921
944.9
946.883
948.868
950.857
952.849
954.844
956.841
958.842
960.847
962.854
964.864
966.877
968.894
970.914
972.936
974.962
976.991
979.023
981.059
983.097
985.138
987.183
989.231
991.282
993.336
995.393
997.453
999.517
1001.58
1003.65
1005.73
1007.8
1009.88
1011.96
1014.05
1016.14
1018.23
1020.33
1022.42
1024.53
1026.63
1028.74
1030.85
1032.97
1035.08
1037.2
1039.33
1041.46
1043.59
1045.72
1047.86
1050
1052.14
1054.29
1056.44
1058.59
1060.75
1062.91
1065.07
1067.24
1069.41
1071.58
1073.75
1075.93
1078.12
1080.3
1082.49
1084.68
1086.88
1089.08
1091.28
1093.49
1095.7
1097.91
1100.12
1102.34
1104.56
1106.79
1109.02
1111.25
1113.49
1115.73
1117.97
1120.21
1122.46
1124.72
1126.97
1129.23
1131.49
1133.76
1136.03
1138.3
1140.58
1142.85
1145.14
1147.42
1149.71
1152
1154.3
1156.6
1158.9
1161.21
1163.52
1165.83
1168.15
1170.47
1172.79
1175.12
1177.45
1179.78
1182.12
1184.46
1186.81
1189.15
1191.5
1193.86
1196.22
1198.58
1200.94
1203.31
1205.68
1208.06
1210.44
1212.82
1215.2
1217.59
1219.98
1222.38
1224.78
1227.18
1229.59
1232
1234.41
1236.83
1239.25
1241.68
1244.1
1246.53
1248.97
1251.41
1253.85
1256.29
1258.74
1261.2
1263.65
1266.11
1268.57
1271.04
1273.51
1275.99
1278.46
1280.94
1283.43
1285.92
1288.41
1290.9
1293.4
1295.9
1298.41
1300.92
1303.43
1305.95
1308.47
1311
1313.52
1316.06
1318.59
1321.13
1323.67
1326.22
1328.77
1331.32
1333.88
1336.44
1339
1341.57
1344.14
1346.72
1349.3
1351.88
1354.47
1357.06
1359.65
1362.25
1364.85
1367.45
1370.06
1372.67
1375.29
1377.91
1380.53
1383.16
1385.79
1388.42
1391.06
1393.7
1396.35
1399
1401.65
1404.31
1406.97
1409.64
1412.3
1414.98
1417.65
1420.33
1423.01
1425.7
1428.39
1431.09
1433.79
1436.49
1439.19
1441.9
1444.62
1447.34
1450.06
1452.78
1455.51
1458.24
1460.98
1463.72
1466.47
1469.21
1471.97
1474.72
1477.48
1480.25
1483.01
1485.78
1488.56
1491.34
1494.12
1496.91
1499.7
1502.49
1505.29
1508.09
1510.9
1513.71
1516.52
1519.34
1522.16
1524.99
1527.82
1530.65
1533.49
1536.33
1539.18
1542.03
1544.88
1547.74
1550.6
1553.46
1556.33
1559.21
1562.08
1564.97
1567.85
1570.74
1573.63
1576.53
1579.43
1582.34
1585.24
1588.16
1591.07
1594
1596.92
1599.85
1602.78
1605.72
1608.66
1611.61
1614.55
1617.51
1620.46
1623.43
1626.39
1629.36
1632.33
1635.31
1638.29
1641.28
1644.27
1647.26
1650.26
1653.26
1656.27
1659.28
1662.29
1665.31
1668.33
1671.36
1674.39
1677.43
1680.46
1683.51
1686.56
1689.61
1692.66
1695.72
1698.79
1701.85
1704.93
1708
1711.08
1714.17
1717.25
1720.35
1723.44
1726.55
1729.65
1732.76
1735.87
1738.99
1742.12
1745.24
1748.37
1751.51
1754.65
1757.79
1760.94
1764.09
1767.24
1770.4
1773.57
1776.74
1779.91
1783.09
1786.27
1789.46
1792.65
1795.84
1799.04
1802.24
1805.45
1808.66
1811.88
1815.1
1818.32
1821.55
1824.78
1828.02
1831.26
1834.51
1837.76
1841.01
1844.27
1847.53
1850.8
1854.07
1857.35
1860.63
1863.91
1867.2
1870.5
1873.79
1877.1
1880.4
1883.71
1887.03
1890.35
1893.67
1897
1900.34
1903.67
1907.01
1910.36
1913.71
1917.07
1920.43
1923.79
1927.16
1930.53
1933.91
1937.29
1940.68
1944.07
1947.46
1950.86
1954.27
1957.67
1961.09
1964.51
1967.93
1971.35
1974.78
1978.22
1981.66
1985.1
1988.55
1992.01
1995.47
1998.93
2002.39
2005.87
2009.34
2012.82
2016.31
2019.8
2023.29
2026.79
2030.3
2033.8
2037.32
2040.83
2044.35
2047.88
2051.41
2054.95
2058.49
2062.03
2065.58
2069.14
2072.69
2076.26
2079.82
2083.4
2086.97
2090.56
2094.14
2097.73
2101.33
2104.93
2108.53
2112.14
2115.76
2119.38
2123
2126.63
2130.26
2133.9
2137.54
2141.19
2144.84
2148.5
2152.16
2155.82
2159.49
2163.17
2166.85
2170.53
2174.22
2177.92
2181.62
2185.32
2189.03
2192.74
2196.46
2200.18
2203.91
2207.64
2211.38
2215.12
2218.87
2222.62
2226.38
2230.14
2233.9
2237.67
2241.45
2245.23
2249.01
2252.8
2256.6
2260.4
2264.2
2268.01
2271.83
2275.65
2279.47
2283.3
2287.13
2290.97
2294.81
2298.66
2302.51
2306.37
2310.24
2314.1
2317.98
2321.85
2325.74
2329.62
2333.52
2337.41
2341.32
2345.22
2349.14
2353.05
2356.97
2360.9
2364.83
2368.77
2372.71
2376.66
2380.61
2384.57
2388.53
2392.5
2396.47
2400.44
2404.43
2408.41
2412.41
2416.4
2420.4
2424.41
2428.42
2432.44
2436.46
2440.49
2444.52
2448.56
2452.6
2456.65
2460.7
2464.76
2468.82
2472.89
2476.96
2481.04
2485.12
2489.21
2493.3
2497.4
2501.5
2505.61
2509.73
2513.84
2517.97
2522.1
2526.23
2530.37
2534.52
2538.66
2542.82
2546.98
2551.14
2555.32
2559.49
2563.67
2567.86
2572.05
2576.24
2580.45
2584.65
2588.86
2593.08
2597.3
2601.53
2605.76
2610
2614.25
2618.49
2622.75
2627.01
2631.27
2635.54
2639.82
2644.1
2648.38
2652.67
2656.97
2661.27
2665.58
2669.89
2674.21
2678.53
2682.86
2687.19
2691.53
2695.87
2700.22
2704.58
2708.94
2713.3
2717.67
2722.05
2726.43
2730.82
2735.21
2739.61
2744.01
2748.42
2752.83
2757.25
2761.68
2766.11
2770.54
2774.98
2779.43
2783.88
2788.34
2792.8
2797.27
2801.74
2806.22
2810.7
2815.19
2819.69
2824.19
2828.7
2833.21
2837.73
2842.25
2846.78
2851.31
2855.85
2860.4
2864.95
2869.5
2874.06
2878.63
2883.2
2887.78
2892.37
2896.95
2901.55
2906.15
2910.76
2915.37
2919.98
2924.61
2929.24
2933.87
2938.51
2943.15
2947.8
2952.46
2957.12
2961.79
2966.46
2971.14
2975.83
2980.52
2985.21
2989.92
2994.62
2999.34
3004.05
3008.78
3013.51
3018.24
3022.99
3027.73
3032.49
3037.24
3042.01
3046.78
3051.55
3056.34
3061.12
3065.92
3070.71
3075.52
3080.33
3085.14
3089.97
3094.79
3099.63
3104.47
3109.31
3114.16
3119.02
3123.88
3128.75
3133.62
3138.5
3143.39
3148.28
3153.18
3158.08
3162.99
3167.9
3172.82
3177.75
3182.68
3187.62
3192.57
3197.52
3202.47
3207.43
3212.4
3217.37
3222.35
3227.34
3232.33
3237.33
3242.33
3247.34
3252.36
3257.38
3262.4
3267.44
3272.48
3277.52
3282.57
3287.63
3292.69
3297.76
3302.84
3307.92
3313
3318.1
3323.2
3328.3
3333.41
3338.53
3343.65
3348.78
3353.92
3359.06
3364.21
3369.36
3374.52
3379.69
3384.86
3390.03
3395.22
3400.41
3405.6
3410.81
3416.02
3421.23
3426.45
3431.68
3436.91
3442.15
3447.39
3452.65
3457.9
3463.17
3468.44
3473.71
3479
3484.28
3489.58
3494.88
3500.19
3505.5
3510.82
3516.15
3521.48
3526.82
3532.16
3537.51
3542.87
3548.23
3553.6
3558.98
3564.36
3569.75
3575.14
3580.54
3585.95
3591.36
3596.78
3602.21
3607.64
3613.08
3618.53
3623.98
3629.43
3634.9
3640.37
3645.85
3651.33
3656.82
3662.32
3667.82
3673.33
3678.84
3684.36
3689.89
3695.43
3700.97
3706.51
3712.07
3717.63
3723.19
3728.77
3734.35
3739.93
3745.53
3751.12
3756.73
3762.34
3767.96
3773.58
3779.22
3784.85
3790.5
3796.15
3801.81
3807.47
3813.14
3818.82
3824.5
3830.19
3835.89
3841.59
3847.3
3853.02
3858.74
3864.47
3870.21
3875.95
3881.7
3887.46
3893.22
3898.99
3904.76
3910.55
3916.33
3922.13
3927.93
3933.74
3939.56
3945.38
3951.21
3957.05
3962.89
3968.74
3974.59
3980.46
3986.33
3992.2
3998.08
4003.97
4009.87
4015.77
4021.68
4027.6
4033.52
4039.45
4045.39
4051.33
4057.28
4063.24
4069.2
4075.18
4081.15
4087.14
4093.13
4099.13
4105.13
4111.14
4117.16
4123.19
4129.22
4135.26
4141.31
4147.36
4153.42
4159.49
4165.56
4171.64
4177.73
4183.82
4189.92
4196.03
4202.15
4208.27
4214.4
4220.53
4226.68
4232.83
4238.98
4245.15
4251.32
4257.5
4263.68
4269.87
4276.07
4282.28
4288.49
4294.71
4300.94
4307.17
4313.41
4319.66
4325.92
4332.18
4338.45
4344.72
4351.01
4357.3
4363.6
4369.9
4376.21
4382.53
4388.86
4395.19
4401.53
4407.88
4414.23
4420.6
4426.96
4433.34
4439.72
4446.11
4452.51
4458.92
4465.33
4471.75
4478.17
4484.61
4491.05
4497.5
4503.95
4510.42
4516.89
4523.36
4529.85
4536.34
4542.84
4549.34
4555.86
4562.38
4568.91
4575.44
4581.99
4588.54
4595.09
4601.66
4608.23
4614.81
4621.4
4627.99
4634.59
4641.2
4647.82
4654.44
4661.07
4667.71
4674.36
4681.01
4687.67
4694.34
4701.02
4707.7
4714.39
4721.09
4727.79
4734.51
4741.23
4747.95
4754.69
4761.43
4768.18
4774.94
4781.71
4788.48
4795.26
4802.05
4808.84
4815.65
4822.46
4829.28
4836.1
4842.94
4849.78
4856.62
4863.48
4870.34
4877.22
4884.1
4890.98
4897.88
4904.78
4911.69
4918.6
4925.53
4932.46
4939.4
4946.35
4953.31
4960.27
4967.24
4974.22
4981.2
4988.2
4995.2
5002.21
5009.23
5016.25
5023.29
5030.33
5037.37
5044.43
5051.49
5058.57
5065.65
5072.73
5079.83
5086.93
5094.04
5101.16
5108.29
5115.42
5122.56
5129.71
5136.87
5144.04
5151.21
5158.39
5165.58
5172.78
5179.98
5187.2
5194.42
5201.65
5208.88
5216.13
5223.38
5230.64
5237.91
5245.19
5252.47
5259.76
5267.06
5274.37
5281.69
5289.01
5296.35
5303.69
5311.04
5318.39
5325.76
5333.13
5340.51
5347.9
5355.3
5362.7
5370.12
5377.54
5384.97
5392.41
5399.85
5407.31
5414.77
5422.24
5429.72
5437.2
5444.7
5452.2
5459.71
5467.23
5474.76
5482.29
5489.84
5497.39
5504.95
5512.52
5520.09
5527.68
5535.27
5542.87
5550.48
5558.1
5565.73
5573.36
5581.01
5588.66
5596.32
5603.98
5611.66
5619.34
5627.04
5634.74
5642.45
5650.17
5657.89
5665.63
5673.37
5681.12
5688.88
5696.65
5704.43
5712.21
5720.01
5727.81
5735.62
5743.44
5751.26
5759.1
5766.94
5774.8
5782.66
5790.53
5798.41
5806.29
5814.19
5822.09
5830.01
5837.93
5845.86
5853.79
5861.74
5869.7
5877.66
5885.63
5893.61
5901.6
5909.6
5917.61
5925.62
5933.65
5941.68
5949.72
5957.77
5965.83
5973.9
5981.98
5990.06
5998.15
6006.26
6014.37
6022.49
6030.62
6038.75
6046.9
6055.05
6063.22
6071.39
6079.57
6087.76
6095.96
6104.17
6112.38
6120.61
6128.84
6137.08
6145.34
6153.6
6161.87
6170.14
6178.43
6186.73
6195.03
6203.35
6211.67
6220
6228.34
6236.69
6245.05
6253.42
6261.79
6270.18
6278.57
6286.97
6295.39
6303.81
6312.24
6320.68
6329.12
6337.58
6346.05
6354.52
6363.01
6371.5
6380
6388.52
6397.04
6405.57
6414.1
6422.65
6431.21
6439.78
6448.35
6456.94
6465.53
6474.13
6482.74
6491.37
6500
6508.63
6517.28
6525.94
6534.61
6543.29
6551.97
6560.67
6569.37
6578.08
6586.81
6595.54
6604.28
6613.03
6621.79
6630.56
6639.34
6648.12
6656.92
6665.73
6674.54
6683.37
6692.2
6701.05
6709.9
6718.76
6727.63
6736.52
6745.41
6754.31
6763.22
6772.14
6781.06
6790
6798.95
6807.91
6816.87
6825.85
6834.83
6843.83
6852.83
6861.85
6870.87
6879.9
6888.95
6898
6907.06
6916.13
6925.21
6934.3
6943.4
6952.51
6961.63
6970.76
6979.9
6989.05
6998.21
7007.38
7016.55
7025.74
7034.94
7044.14
7053.36
7062.58
7071.82
7081.07
7090.32
7099.59
7108.86
7118.14
7127.44
7136.74
7146.06
7155.38
7164.71
7174.06
7183.41
7192.77
7202.14
7211.53
7220.92
7230.32
7239.73
7249.16
7258.59
7268.03
7277.48
7286.94
7296.41
7305.9
7315.39
7324.89
7334.4
7343.92
7353.45
7363
7372.55
7382.11
7391.68
7401.26
7410.85
7420.45
7430.07
7439.69
7449.32
7458.96
7468.61
7478.28
7487.95
7497.63
7507.32
7517.03
7526.74
7536.46
7546.2
7555.94
7565.69
7575.46
7585.23
7595.02
7604.81
7614.61
7624.43
7634.26
7644.09
7653.94
7663.79
7673.66
7683.54
7693.42
7703.32
7713.23
7723.15
7733.07
7743.01
7752.96
7762.92
7772.89
7782.87
7792.86
7802.86
7812.88
7822.9
7832.93
7842.97
7853.03
7863.09
7873.16
7883.25
7893.34
7903.45
7913.57
7923.69
7933.83
7943.98
7954.14
7964.31
7974.49
7984.68
7994.88
8005.09
8015.31
8025.54
8035.79
8046.04
8056.31
8066.58
8076.87
8087.16
8097.47
8107.79
8118.12
8128.46
8138.81
8149.17
8159.54
8169.92
8180.32
8190.72
8201.14
8211.56
8222
8232.44
8242.9
8253.37
8263.85
8274.34
8284.84
8295.36
8305.88
8316.41
8326.96
8337.52
8348.08
8358.66
8369.25
8379.85
8390.46
8401.08
8411.71
8422.36
8433.01
8443.68
8454.36
8465.04
8475.74
8486.45
8497.17
8507.91
8518.65
8529.4
8540.17
8550.95
8561.73
8572.53
8583.34
8594.16
8605
8615.84
8626.7
8637.56
8648.44
8659.33
8670.23
8681.14
8692.06
8702.99
8713.94
8724.89
8735.86
8746.84
8757.83
8768.83
8779.84
8790.87
8801.9
8812.95
8824.01
8835.08
8846.16
8857.25
8868.35
8879.47
8890.59
8901.73
8912.88
8924.04
8935.22
8946.4
8957.59
8968.8
8980.02
8991.25
9002.49
9013.74
9025.01
9036.29
9047.57
9058.87
9070.18
9081.51
9092.84
9104.19
9115.54
9126.91
9138.29
9149.69
9161.09
9172.51
9183.93
9195.37
9206.83
9218.29
9229.76
9241.25
9252.75
9264.26
9275.78
9287.31
9298.86
9310.42
9321.98
9333.57
9345.16
9356.76
9368.38
9380.01
9391.65
9403.3
9414.97
9426.64
9438.33
9450.03
9461.74
9473.47
9485.2
9496.95
9508.71
9520.48
9532.27
9544.06
9555.87
9567.69
9579.52
9591.37
9603.23
9615.1
9626.98
9638.87
9650.77
9662.69
9674.62
9686.56
9698.52
9710.48
9722.46
9734.45
9746.46
9758.47
9770.5
9782.54
9794.59
9806.65
9818.73
9830.82
9842.92
9855.04
9867.16
9879.3
9891.45
9903.61
9915.79
9927.98
9940.18
9952.39
9964.62
9976.85
9989.1
10001.4
10013.6
10025.9
10038.2
10050.5
10062.9
10075.2
10087.6
10099.9
10112.3
10124.7
10137.1
10149.5
10161.9
10174.4
10186.8
10199.3
10211.8
10224.2
10236.7
10249.3
10261.8
10274.3
10286.9
10299.4
10312
10324.6
10337.2
10349.8
10362.5
10375.1
10387.8
10400.4
10413.1
10425.8
10438.5
10451.2
10464
10476.7
10489.5
10502.2
10515
10527.8
10540.6
10553.5
10566.3
10579.1
10592
10604.9
10617.8
10630.7
10643.6
10656.5
10669.5
10682.4
10695.4
10708.4
10721.4
10734.4
10747.4
10760.4
10773.5
10786.5
10799.6
10812.7
10825.8
10838.9
10852
10865.2
10878.3
10891.5
10904.7
10917.9
10931.1
10944.3
10957.5
10970.8
10984
10997.3
11010.6
11023.9
11037.2
11050.5
11063.9
11077.2
11090.6
11104
11117.4
11130.8
11144.2
11157.6
11171.1
11184.5
11198
11211.5
11225
11238.5
11252
11265.6
11279.1
11292.7
11306.3
11319.9
11333.5
11347.1
11360.8
11374.4
11388.1
11401.8
11415.5
11429.2
11442.9
11456.6
11470.4
11484.2
11497.9
11511.7
11525.5
11539.4
11553.2
11567
11580.9
11594.8
11608.7
11622.6
11636.5
11650.4
11664.4
11678.3
11692.3
11706.3
11720.3
11734.3
11748.3
11762.4
11776.4
11790.5
11804.6
11818.7
11832.8
11847
11861.1
11875.3
11889.4
11903.6
11917.8
11932
11946.3
11960.5
11974.8
11989
12003.3
12017.6
12031.9
12046.3
12060.6
12075
12089.4
12103.7
12118.2
12132.6
12147
12161.4
12175.9
12190.4
12204.9
12219.4
12233.9
12248.4
12263
12277.5
12292.1
12306.7
12321.3
12335.9
12350.6
12365.2
12379.9
12394.6
12409.3
12424
12438.7
12453.4
12468.2
12483
12497.8
12512.6
12527.4
12542.2
12557
12571.9
12586.8
12601.7
12616.6
12631.5
12646.4
12661.4
12676.3
12691.3
12706.3
12721.3
12736.3
12751.4
12766.4
12781.5
12796.6
12811.7
12826.8
12841.9
12857.1
12872.2
12887.4
12902.6
12917.8
12933
12948.3
12963.5
12978.8
12994.1
13009.4
13024.7
13040
13055.3
13070.7
13086.1
13101.5
13116.9
13132.3
13147.7
13163.2
13178.6
13194.1
13209.6
13225.1
13240.7
13256.2
13271.8
13287.3
13302.9
13318.5
13334.2
13349.8
13365.5
13381.1
13396.8
13412.5
13428.2
13444
13459.7
13475.5
13491.2
13507
13522.9
13538.7
13554.5
13570.4
13586.3
13602.1
13618.1
13634
13649.9
13665.9
13681.8
13697.8
13713.8
13729.8
13745.9
13761.9
13778
13794.1
13810.2
13826.3
13842.4
13858.6
13874.7
13890.9
13907.1
13923.3
13939.6
13955.8
13972.1
13988.3
14004.6
14020.9
14037.3
14053.6
14070
14086.3
14102.7
14119.1
14135.6
14152
14168.5
14184.9
14201.4
14217.9
14234.4
14251
14267.5
14284.1
14300.7
14317.3
14333.9
14350.6
14367.2
14383.9
14400.6
14417.3
14434
14450.7
14467.5
14484.3
14501.1
14517.9
14534.7
14551.5
14568.4
14585.3
14602.1
14619.1
14636
14652.9
14669.9
14686.9
14703.8
14720.8
14737.9
14754.9
14772
14789.1
14806.1
14823.3
14840.4
14857.5
14874.7
14891.9
14909.1
14926.3
14943.5
14960.8
14978
14995.3
15012.6
15029.9
15047.2
15064.6
15082
15099.4
15116.8
15134.2
15151.6
15169.1
15186.5
15204
15221.5
15239.1
15256.6
15274.2
15291.7
15309.3
15326.9
15344.6
15362.2
15379.9
15397.6
15415.3
15433
15450.7
15468.5
15486.3
15504
15521.8
15539.7
15557.5
15575.4
15593.3
15611.1
15629.1
15647
15664.9
15682.9
15700.9
15718.9
15736.9
15755
15773
15791.1
15809.2
15827.3
15845.4
15863.6
15881.7
15899.9
15918.1
15936.3
15954.6
15972.8
15991.1
16009.4
16027.7
16046
16064.4
16082.7
16101.1
16119.5
16138
16156.4
16174.8
16193.3
16211.8
16230.3
16248.9
16267.4
16286
16304.6
16323.2
16341.8
16360.4
16379.1
16397.8
16416.5
16435.2
16453.8
16472.5
16491.1
16509.8
16528.4
16547
16565.6
16584.2
16602.8
16621.3
16639.9
16658.4
16676.9
16695.4
16714
16732.4
16750.9
16769.4
16787.8
16806.3
16824.7
16843.1
16861.5
16879.9
16898.3
16916.7
16935
16953.3
16971.7
16990
17008.3
17026.6
17044.9
17063.1
17081.4
17099.7
17117.9
17136.1
17154.3
17172.5
17190.7
17208.9
17227
17245.2
17263.3
17281.4
17299.6
17317.7
17335.7
17353.8
17371.9
17389.9
17408
17426
17444
17462
17480
17498
17516
17533.9
17551.9
17569.8
17587.7
17605.7
17623.6
17641.4
17659.3
17677.2
17695
17712.9
17730.7
17748.5
17766.3
17784.1
17801.9
17819.7
17837.4
17855.2
17872.9
17890.6
17908.3
17926
17943.7
17961.4
17979.1
17996.7
18014.4
18032
18049.6
18067.2
18084.8
18102.4
18119.9
18137.5
18155.1
18172.6
18190.1
18207.6
18225.1
18242.6
18260.1
18277.6
18295
18312.5
18329.9
18347.3
18364.7
18382.1
18399.5
18416.9
18434.2
18451.6
18468.9
18486.3
18503.6
18520.9
18538.2
18555.5
18572.7
18590
18607.2
18624.5
18641.7
18658.9
18676.1
18693.3
18710.5
18727.7
18744.8
18762
18779.1
18796.2
18813.3
18830.4
18847.5
18864.6
18881.7
18898.7
18915.8
18932.8
18949.8
18966.8
18983.8
19000.8
19017.8
19034.8
19051.7
19068.6
19085.6
19102.5
19119.4
19136.3
19153.2
19170.1
19186.9
19203.8
19220.6
19237.5
19254.3
19271.1
19287.9
19304.7
19321.4
19338.2
19355
19371.7
19388.4
19405.2
19421.9
19438.6
19455.2
19471.9
19488.6
19505.2
19521.9
19538.5
19555.1
19571.7
19588.3
19604.9
19621.5
19638.1
19654.6
19671.2
19687.7
19704.2
19720.7
19737.2
19753.7
19770.2
19786.7
19803.1
19819.6
19836
19852.4
19868.8
19885.2
19901.6
19918
19934.4
19950.7
19967.1
19983.4
19999.7
20016.1
20032.4
20048.7
20064.9
20081.2
20097.5
20113.7
20130
20146.2
20162.4
20178.6
20194.8
20211
20227.2
20243.3
20259.5
20275.6
20291.8
20307.9
20324
20340.1
20356.2
20372.2
20388.3
20404.4
20420.4
20436.5
20452.5
20468.5
20484.5
20500.5
20516.5
20532.4
20548.4
20564.3
20580.3
20596.2
20612.1
20628
20643.9
20659.8
20675.7
20691.6
20707.4
20723.3
20739.1
20754.9
20770.7
20786.5
20802.3
20818.1
20833.9
20849.6
20865.4
20881.1
20896.9
20912.6
20928.3
20944
20959.7
20975.3
20991
21006.7
21022.3
21037.9
21053.6
21069.2
21084.8
21100.4
21116
21131.5
21147.1
21162.6
21178.2
21193.7
21209.2
21224.7
21240.2
21255.7
21271.2
21286.7
21302.1
21317.6
21333
21348.4
21363.9
21379.3
21394.7
21410.1
21425.4
21440.8
21456.1
21471.5
21486.8
21502.2
21517.5
21532.8
21548.1
21563.3
21578.6
21593.9
21609.1
21624.4
21639.6
21654.8
21670
21685.2
21700.4
21715.6
21730.8
21745.9
21761.1
21776.2
21791.4
21806.5
21821.6
21836.7
21851.8
21866.9
21881.9
21897
21912
21927.1
21942.1
21957.1
21972.1
21987.1
22002.1
22017.1
22032.1
22047
22062
22076.9
22091.9
22106.8
22121.7
22136.6
22151.5
22166.4
22181.2
22196.1
22210.9
22225.8
22240.6
22255.4
22270.2
22285
22299.8
22314.6
22329.4
22344.1
22358.9
22373.6
22388.3
22403.1
22417.8
22432.5
22447.2
22461.8
22476.5
22491.2
22505.8
22520.5
22535.1
22549.7
22564.3
22578.9
22593.5
22608.1
22622.7
22637.2
22651.8
22666.3
22680.8
22695.4
22709.9
22724.4
22738.9
22753.4
22767.8
22782.3
22796.8
22811.2
22825.6
22840.1
22854.5
22868.9
22883.3
22897.7
22912
22926.4
22940.8
22955.1
22969.4
22983.8
22998.1
23012.4
23026.7
23041
23055.3
23069.5
23083.8
23098
23112.3
23126.5
23140.7
23154.9
23169.1
23183.3
23197.5
23211.7
23225.8
23240
23254.1
23268.3
23282.4
23296.5
23310.6
23324.7
23338.8
23352.9
23366.9
23381
23395.1
23409.1
23423.1
23437.1
23451.2
23465.2
23479.1
23493.1
23507.1
23521.1
23535
23549
23562.9
23576.8
23590.7
23604.6
23618.5
23632.4
23646.3
23660.2
23674
23687.9
23701.7
23715.5
23729.4
23743.2
23757
23770.8
23784.5
23798.3
23812.1
23825.8
23839.6
23853.3
23867
23880.8
23894.5
23908.2
23921.8
23935.5
23949.2
23962.9
23976.5
23990.1
24003.8
24017.4
24031
24044.6
24058.2
24071.8
24085.4
24098.9
24112.5
24126
24139.6
24153.1
24166.6
24180.1
24193.7
24207.1
24220.6
24234.1
24247.6
24261
24274.5
24287.9
24301.3
24314.8
24328.2
24341.6
24355
24368.3
24381.7
24395.1
24408.4
24421.8
24435.1
24448.4
24461.7
24475.1
24488.4
24501.6
24514.9
24528.2
24541.5
24554.7
24568
24581.2
24594.4
24607.6
24620.8
24634
24647.2
24660.4
24673.6
24686.7
24699.9
24713
24726.2
24739.3
24752.4
24765.5
24778.6
24791.7
24804.8
24817.9
24830.9
24844
24857
24870.1
24883.1
24896.1
24909.1
24922.1
24935.1
24948.1
24961
24974
24987
24999.9
25012.8
25025.8
25038.7
25051.6
25064.5
25077.4
25090.3
25103.1
25116
25128.9
25141.7
25154.5
25167.4
25180.2
25193
25205.8
25218.6
25231.4
25244.1
25256.9
25269.7
25282.4
25295.2
25307.9
25320.6
25333.3
25346
25358.7
25371.4
25384.1
25396.7
25409.4
25422
25434.7
25447.3
25459.9
25472.6
25485.2
25497.8
25510.3
25522.9
25535.5
25548.1
25560.6
25573.2
25585.7
25598.2
25610.7
25623.2
25635.7
25648.2
25660.7
25673.2
25685.7
25698.1
25710.6
25723
25735.4
25747.8
25760.3
25772.7
25785.1
25797.4
25809.8
25822.2
25834.5
25846.9
25859.2
25871.6
25883.9
25896.2
25908.5
25920.8
25933.1
25945.4
25957.7
25969.9
25982.2
25994.4
26006.7
26018.9
26031.1
26043.3
26055.5
26067.7
26079.9
26092.1
26104.3
26116.4
26128.6
26140.7
26152.8
26165
26177.1
26189.2
26201.3
26213.4
26225.5
26237.5
26249.6
26261.7
26273.7
26285.7
26297.8
26309.8
26321.8
26333.8
26345.8
26357.8
26369.8
26381.7
26393.7
26405.7
26417.6
26429.5
26441.5
26453.4
26465.3
26477.2
26489.1
26501
26512.9
26524.7
26536.6
26548.4
26560.3
26572.1
26583.9
26595.8
26607.6
26619.4
26631.2
26642.9
26654.7
26666.5
26678.2
26690
26701.7
26713.5
26725.2
26736.9
26748.6
26760.3
26772
26783.7
26795.4
26807
26818.7
26830.3
26842
26853.6
26865.2
26876.8
26888.4
26900
26911.6
26923.2
26934.8
26946.4
26957.9
26969.5
26981
26992.5
27004
27015.6
27027.1
27038.6
27050.1
27061.5
27073
27084.5
27095.9
27107.4
27118.8
27130.2
27141.7
27153.1
27164.5
27175.9
27187.3
27198.7
27210
27221.4
27232.8
27244.1
27255.4
27266.8
27278.1
27289.4
27300.7
27312
27323.3
27334.6
27345.9
27357.1
27368.4
27379.6
27390.9
27402.1
27413.3
27424.5
27435.7
27446.9
27458.1
27469.3
27480.5
27491.7
27502.8
27514
27525.1
27536.2
27547.4
27558.5
27569.6
27580.7
27591.8
27602.9
27614
27625
27636.1
27647.1
27658.2
27669.2
27680.2
27691.3
27702.3
27713.3
27724.3
27735.3
27746.2
27757.2
27768.2
27779.1
27790.1
27801
27811.9
27822.9
27833.8
27844.7
27855.6
27866.5
27877.3
27888.2
27899.1
27909.9
27920.8
27931.6
27942.5
27953.3
27964.1
27974.9
27985.7
27996.5
28007.3
28018.1
28028.8
28039.6
28050.3
28061.1
28071.8
28082.6
28093.3
28104
28114.7
28125.4
28136.1
28146.8
28157.4
28168.1
28178.7
28189.4
28200
28210.7
28221.3
28231.9
28242.5
28253.1
28263.7
28274.3
28284.9
28295.4
28306
28316.5
28327.1
28337.6
28348.2
28358.7
28369.2
28379.7
28390.2
28400.7
28411.2
28421.6
28432.1
28442.6
28453
28463.4
28473.9
28484.3
28494.7
28505.1
28515.5
28525.9
28536.3
28546.7
28557.1
28567.4
28577.8
28588.1
28598.5
28608.8
28619.1
28629.4
28639.7
28650
28660.3
28670.6
28680.9
28691.1
28701.4
28711.7
28721.9
28732.1
28742.4
28752.6
28762.8
28773
28783.2
28793.4
28803.6
28813.7
28823.9
28834.1
28844.2
28854.4
28864.5
28874.6
28884.7
28894.9
28905
28915.1
28925.1
28935.2
28945.3
28955.4
28965.4
28975.5
28985.5
28995.5
29005.6
29015.6
29025.6
29035.6
29045.6
29055.6
29065.6
29075.5
29085.5
29095.4
29105.4
29115.3
29125.3
29135.2
29145.1
29155
29164.9
29174.8
29184.7
29194.6
29204.5
29214.3
29224.2
29234
29243.9
29253.7
29263.5
29273.3
29283.1
29292.9
29302.7
29312.5
29322.3
29332.1
29341.8
29351.6
29361.3
29371.1
29380.8
29390.5
29400.3
29410
29419.7
29429.4
29439.1
29448.7
29458.4
29468.1
29477.7
29487.4
29497
29506.6
29516.3
29525.9
29535.5
29545.1
29554.7
29564.3
29573.9
29583.4
29593
29602.6
29612.1
29621.7
29631.2
29640.7
29650.2
29659.8
29669.3
29678.8
29688.2
29697.7
29707.2
29716.7
29726.1
29735.6
29745
29754.5
29763.9
29773.3
29782.7
29792.1
29801.5
29810.9
29820.3
29829.7
29839
29848.4
29857.8
29867.1
29876.4
29885.8
29895.1
29904.4
29913.7
29923
29932.3
29941.6
29950.9
29960.2
29969.4
29978.7
29987.9
29997.2
30006.4
30015.6
30024.8
30034.1
30043.3
30052.5
30061.6
30070.8
30080
30089.2
30098.3
30107.5
30116.6
30125.8
30134.9
30144
30153.1
30162.2
30171.3
30180.4
30189.5
30198.6
30207.7
30216.7
30225.8
30234.8
30243.9
30252.9
30261.9
30270.9
30280
30289
30298
30306.9
30315.9
30324.9
30333.9
30342.8
30351.8
30360.7
30369.7
30378.6
30387.5
30396.4
30405.3
30414.2
30423.1
30432
30440.9
30449.8
30458.6
30467.5
30476.3
30485.2
30494
30502.8
30511.6
30520.5
30529.3
30538.1
30546.8
30555.6
30564.4
30573.2
30581.9
30590.7
30599.4
30608.2
30616.9
30625.6
30634.3
30643
30651.7
30660.4
30669.1
30677.8
30686.5
30695.1
30703.8
30712.5
30721.1
30729.7
30738.4
30747
30755.6
30764.2
30772.8
30781.4
30790
30798.6
30807.1
30815.7
30824.3
30832.8
30841.4
30849.9
30858.4
30866.9
30875.4
30884
30892.5
30900.9
30909.4
30917.9
30926.4
30934.8
30943.3
30951.7
30960.2
30968.6
30977
30985.5
30993.9
31002.3
31010.7
31019.1
31027.4
31035.8
31044.2
31052.6
31060.9
31069.3
31077.6
31085.9
31094.3
31102.6
31110.9
31119.2
31127.5
31135.8
31144.1
31152.3
31160.6
31168.9
31177.1
31185.4
31193.6
31201.8
31210.1
31218.3
31226.5
31234.7
31242.9
31251.1
31259.3
31267.4
31275.6
31283.8
31291.9
31300.1
31308.2
31316.3
31324.5
31332.6
31340.7
31348.8
31356.9
31365
31373.1
31381.1
31389.2
31397.3
31405.3
31413.4
31421.4
31429.5
31437.5
31445.5
31453.5
31461.5
31469.5
31477.5
31485.5
31493.5
31501.4
31509.4
31517.3
31525.3
31533.2
31541.2
31549.1
31557
31564.9
31572.8
31580.7
31588.6
31596.5
31604.4
31612.3
31620.1
31628
31635.8
31643.7
31651.5
31659.3
31667.2
31675
31682.8
31690.6
31698.4
31706.2
31713.9
31721.7
31729.5
31737.2
31745
31752.7
31760.5
31768.2
31775.9
31783.6
31791.4
31799.1
31806.7
31814.4
31822.1
31829.8
31837.5
31845.1
31852.8
31860.4
31868.1
31875.7
31883.3
31890.9
31898.5
31906.2
31913.8
31921.3
31928.9
31936.5
31944.1
31951.6
31959.2
31966.7
31974.3
31981.8
31989.3
31996.9
32004.4
32011.9
32019.4
32026.9
32034.4
32041.8
32049.3
32056.8
32064.2
32071.7
32079.1
32086.6
32094
32101.4
32108.9
32116.3
32123.7
32131.1
32138.5
32145.8
32153.2
32160.6
32167.9
32175.3
32182.6
32190
32197.3
32204.7
32212
32219.3
32226.6
32233.9
32241.2
32248.5
32255.8
32263
32270.3
32277.5
32284.8
32292
32299.3
32306.5
32313.7
32321
32328.2
32335.4
32342.6
32349.8
32356.9
32364.1
32371.3
32378.5
32385.6
32392.8
32399.9
32407
32414.2
32421.3
32428.4
32435.5
32442.6
32449.7
32456.8
32463.9
32470.9
32478
32485.1
32492.1
32499.2
32506.2
32513.3
32520.3
32527.3
32534.3
32541.3
32548.3
32555.3
32562.3
32569.3
32576.2
32583.2
32590.2
32597.1
32604.1
32611
32617.9
32624.9
32631.8
32638.7
32645.6
32652.5
32659.4
32666.3
32673.1
32680
32686.9
32693.7
32700.6
32707.4
32714.3
32721.1
32727.9
32734.7
32741.5
32748.3
32755.1
32761.9
32768.7
32775.5
32782.3
32789
32795.8
32802.5
32809.3
32816
32822.7
32829.5
32836.2
32842.9
32849.6
32856.3
32863
32869.6
32876.3
32883
32889.6
32896.3
32902.9
32909.6
32916.2
32922.9
32929.5
32936.1
32942.7
32949.3
32955.9
32962.5
32969.1
32975.6
32982.2
32988.8
32995.3
33001.9
33008.4
33014.9
33021.5
33028
33034.5
33041
33047.5
33054
33060.5
33067
33073.5
33079.9
33086.4
33092.8
33099.3
33105.7
33112.2
33118.6
33125
33131.4
33137.8
33144.2
33150.6
33157
33163.4
33169.8
33176.1
33182.5
33188.8
33195.2
33201.5
33207.9
33214.2
33220.5
33226.8
33233.1
33239.4
33245.7
33252
33258.3
33264.6
33270.9
33277.1
33283.4
33289.6
33295.9
33302.1
33308.3
33314.5
33320.8
33327
33333.2
33339.4
33345.6
33351.7
33357.9
33364.1
33370.2
33376.4
33382.6
33388.7
33394.8
33401
33407.1
33413.2
33419.3
33425.4
33431.5
33437.6
33443.7
33449.8
33455.8
33461.9
33468
33474
33480.1
33486.1
33492.1
33498.1
33504.2
33510.2
33516.2
33522.2
33528.2
33534.2
33540.1
33546.1
33552.1
33558
33564
33569.9
33575.9
33581.8
33587.7
33593.6
33599.6
33605.5
33611.4
33617.3
33623.2
33629
33634.9
33640.8
33646.6
33652.5
33658.3
33664.2
33670
33675.8
33681.7
33687.5
33693.3
33699.1
33704.9
33710.7
33716.5
33722.2
33728
33733.8
33739.5
33745.3
33751
33756.8
33762.5
33768.2
33773.9
33779.6
33785.3
33791
33796.7
33802.4
33808.1
33813.8
33819.4
33825.1
33830.8
33836.4
33842
33847.7
33853.3
33858.9
33864.5
33870.1
33875.7
33881.3
33886.9
33892.5
33898.1
33903.7
33909.2
33914.8
33920.3
33925.9
33931.4
33936.9
33942.5
33948
33953.5
33959
33964.5
33970
33975.5
33980.9
33986.4
33991.9
33997.3
34002.8
34008.2
34013.7
34019.1
34024.5
34030
34035.4
34040.8
34046.2
34051.6
34057
34062.4
34067.7
34073.1
34078.5
34083.8
34089.2
34094.5
34099.8
34105.2
34110.5
34115.8
34121.1
34126.4
34131.7
34137
34142.3
34147.6
34152.9
34158.1
34163.4
34168.6
34173.9
34179.1
34184.4
34189.6
34194.8
34200
34205.2
34210.5
34215.6
34220.8
34226
34231.2
34236.4
34241.5
34246.7
34251.8
34257
34262.1
34267.3
34272.4
34277.5
34282.6
34287.7
34292.8
34297.9
34303
34308.1
34313.2
34318.2
34323.3
34328.4
34333.4
34338.5
34343.5
34348.5
34353.5
34358.6
34363.6
34368.6
34373.6
34378.6
34383.6
34388.5
34393.5
34398.5
34403.4
34408.4
34413.3
34418.3
34423.2
34428.2
34433.1
34438
34442.9
34447.8
34452.7
34457.6
34462.5
34467.4
34472.2
34477.1
34482
34486.8
34491.7
34496.5
34501.3
34506.2
34511
34515.8
34520.6
34525.4
34530.2
34535
34539.8
34544.6
34549.3
34554.1
34558.9
34563.6
34568.4
34573.1
34577.8
34582.6
34587.3
34592
34596.7
34601.4
34606.1
34610.8
34615.5
34620.2
34624.8
34629.5
34634.2
34638.8
34643.4
34648.1
34652.7
34657.3
34662
34666.6
34671.2
34675.8
34680.4
34685
34689.6
34694.1
34698.7
34703.3
34707.8
34712.4
34716.9
34721.5
34726
34730.5
34735
34739.6
34744.1
34748.6
34753.1
34757.6
34762
34766.5
34771
34775.4
34779.9
34784.4
34788.8
34793.2
34797.7
34802.1
34806.5
34810.9
34815.3
34819.7
34824.1
34828.5
34832.9
34837.3
34841.7
34846
34850.4
34854.7
34859.1
34863.4
34867.8
34872.1
34876.4
34880.7
34885
34889.3
34893.6
34897.9
34902.2
34906.5
34910.7
34915
34919.3
34923.5
34927.8
34932
34936.2
34940.5
34944.7
34948.9
34953.1
34957.3
34961.5
34965.7
34969.9
34974.1
34978.2
34982.4
34986.6
34990.7
34994.9
34999
35003.1
35007.3
35011.4
35015.5
35019.6
35023.7
35027.8
35031.9
35036
35040.1
35044.1
35048.2
35052.3
35056.3
35060.4
35064.4
35068.4
35072.5
35076.5
35080.5
35084.5
35088.5
35092.5
35096.5
35100.5
35104.5
35108.5
35112.4
35116.4
35120.3
35124.3
35128.2
35132.2
35136.1
35140
35143.9
35147.9
35151.8
35155.7
35159.6
35163.4
35167.3
35171.2
35175.1
35178.9
35182.8
35186.6
35190.5
35194.3
35198.1
35202
35205.8
35209.6
35213.4
35217.2
35221
35224.8
35228.6
35232.4
35236.1
35239.9
35243.7
35247.4
35251.2
35254.9
35258.6
35262.4
35266.1
35269.8
35273.5
35277.2
35280.9
35284.6
35288.3
35292
35295.6
35299.3
35303
35306.6
35310.3
35313.9
35317.5
35321.2
35324.8
35328.4
35332
35335.6
35339.2
35342.8
35346.4
35350
35353.6
35357.1
35360.7
35364.2
35367.8
35371.3
35374.9
35378.4
35381.9
35385.4
35389
35392.5
35396
35399.5
35403
35406.4
35409.9
35413.4
35416.9
35420.3
35423.8
35427.2
35430.7
35434.1
35437.5
35440.9
35444.4
35447.8
35451.2
35454.6
35458
35461.3
35464.7
35468.1
35471.5
35474.8
35478.2
35481.5
35484.9
35488.2
35491.5
35494.9
35498.2
35501.5
35504.8
35508.1
35511.4
35514.7
35518
35521.2
35524.5
35527.8
35531
35534.3
35537.5
35540.8
35544
35547.2
35550.5
35553.7
35556.9
35560.1
35563.3
35566.5
35569.7
35572.8
35576
35579.2
35582.3
35585.5
35588.6
35591.8
35594.9
35598.1
35601.2
35604.3
35607.4
35610.5
35613.6
35616.7
35619.8
35622.9
35626
35629
35632.1
35635.1
35638.2
35641.2
35644.3
35647.3
35650.3
35653.4
35656.4
35659.4
35662.4
35665.4
35668.4
35671.4
35674.4
35677.3
35680.3
35683.3
35686.2
35689.2
35692.1
35695
35698
35700.9
35703.8
35706.7
35709.6
35712.5
35715.4
35718.3
35721.2
35724.1
35727
35729.8
35732.7
35735.5
35738.4
35741.2
35744.1
35746.9
35749.7
35752.5
35755.3
35758.1
35760.9
35763.7
35766.5
35769.3
35772.1
35774.8
35777.6
35780.4
35783.1
35785.9
35788.6
35791.3
35794.1
35796.8
35799.5
35802.2
35804.9
35807.6
35810.3
35813
35815.7
35818.3
35821
35823.7
35826.3
35829
35831.6
35834.2
35836.9
35839.5
35842.1
35844.7
35847.3
35849.9
35852.5
35855.1
35857.7
35860.3
35862.9
35865.4
35868
35870.5
35873.1
35875.6
35878.2
35880.7
35883.2
35885.7
35888.2
35890.7
35893.2
35895.7
35898.2
35900.7
35903.2
35905.7
35908.1
35910.6
35913
35915.5
35917.9
35920.3
35922.8
35925.2
35927.6
35930
35932.4
35934.8
35937.2
35939.6
35942
35944.3
35946.7
35949.1
35951.4
35953.8
35956.1
35958.5
35960.8
35963.1
35965.4
35967.8
35970.1
35972.4
35974.7
35977
35979.2
35981.5
35983.8
35986.1
35988.3
35990.6
35992.8
35995.1
35997.3
35999.5
36001.8
36004
36006.2
36008.4
36010.6
36012.8
36015
36017.2
36019.3
36021.5
36023.7
36025.8
36028
36030.1
36032.3
36034.4
36036.5
36038.7
36040.8
36042.9
36045
36047.1
36049.2
36051.3
36053.4
36055.4
36057.5
36059.6
36061.6
36063.7
36065.7
36067.8
36069.8
36071.8
36073.9
36075.9
36077.9
36079.9
36081.9
36083.9
36085.9
36087.9
36089.8
36091.8
36093.8
36095.7
36097.7
36099.6
36101.6
36103.5
36105.4
36107.3
36109.3
36111.2
36113.1
36115
36116.9
36118.7
36120.6
36122.5
36124.4
36126.2
36128.1
36129.9
36131.8
36133.6
36135.5
36137.3
36139.1
36140.9
36142.7
36144.5
36146.3
36148.1
36149.9
36151.7
36153.5
36155.2
36157
36158.7
36160.5
36162.2
36164
36165.7
36167.4
36169.2
36170.9
36172.6
36174.3
36176
36177.7
36179.4
36181
36182.7
36184.4
36186
36187.7
36189.3
36191
36192.6
36194.3
36195.9
36197.5
36199.1
36200.7
36202.3
36203.9
36205.5
36207.1
36208.7
36210.3
36211.8
36213.4
36214.9
36216.5
36218
36219.6
36221.1
36222.6
36224.1
36225.7
36227.2
36228.7
36230.2
36231.7
36233.1
36234.6
36236.1
36237.6
36239
36240.5
36241.9
36243.4
36244.8
36246.2
36247.7
36249.1
36250.5
36251.9
36253.3
36254.7
36256.1
36257.5
36258.9
36260.2
36261.6
36263
36264.3
36265.7
36267
36268.3
36269.7
36271
36272.3
36273.6
36274.9
36276.2
36277.5
36278.8
36280.1
36281.4
36282.7
36283.9
36285.2
36286.5
36287.7
36288.9
36290.2
36291.4
36292.6
36293.9
36295.1
36296.3
36297.5
36298.7
36299.9
36301.1
36302.2
36303.4
36304.6
36305.7
36306.9
36308
36309.2
36310.3
36311.5
36312.6
36313.7
36314.8
36315.9
36317
36318.1
36319.2
36320.3
36321.4
36322.4
36323.5
36324.6
36325.6
36326.7
36327.7
36328.8
36329.8
36330.8
36331.8
36332.9
36333.9
36334.9
36335.9
36336.9
36337.8
36338.8
36339.8
36340.8
36341.7
36342.7
36343.6
36344.6
36345.5
36346.4
36347.4
36348.3
36349.2
36350.1
36351
36351.9
36352.8
36353.7
36354.6
36355.4
36356.3
36357.2
36358
36358.9
36359.7
36360.6
36361.4
36362.2
36363
36363.9
36364.7
36365.5
36366.3
36367.1
36367.8
36368.6
36369.4
36370.2
36370.9
36371.7
36372.4
36373.2
36373.9
36374.7
36375.4
36376.1
36376.8
36377.5
36378.2
36378.9
36379.6
36380.3
36381
36381.7
36382.3
36383
36383.7
36384.3
36385
36385.6
36386.2
36386.9
36387.5
36388.1
36388.7
36389.3
36389.9
36390.5
36391.1
36391.7
36392.2
36392.8
36393.4
36393.9
36394.5
36395
36395.6
36396.1
36396.6
36397.2
36397.7
36398.2
36398.7
36399.2
36399.7
36400.2
36400.7
36401.1
36401.6
36402.1
36402.5
36403
36403.4
36403.9
36404.3
36404.7
36405.2
36405.6
36406
36406.4
36406.8
36407.2
36407.6
36408
36408.3
36408.7
36409.1
36409.4
36409.8
36410.1
36410.5
36410.8
36411.2
36411.5
36411.8
36412.1
36412.4
36412.7
36413
36413.3
36413.6
36413.9
36414.1
36414.4
36414.7
36414.9
36415.2
36415.4
36415.7
36415.9
36416.1
36416.3
36416.5
36416.7
36417
36417.1
36417.3
36417.5
36417.7
36417.9
36418
36418.2
36418.4
36418.5
36418.7
36418.8
36418.9
36419.1
36419.2
36419.3
36419.4
36419.5
36419.6
36419.7
36419.8
36419.9
36419.9
36420
36420.1
36420.1
36420.2
36420.2
36420.3
36420.3
36420.3
36420.3
36420.4
36420.4
36420.4
36420.4
36420.4
36420.4
36420.3
36420.3
36420.3
36420.2
36420.2
36420.2
36420.1
36420
36420
36419.9
36419.8
36419.8
36419.7
36419.6
36419.5
36419.4
36419.3
36419.1
36419
36418.9
36418.7
36418.6
36418.5
36418.3
36418.1
36418
36417.8
36417.6
36417.4
36417.3
36417.1
36416.9
36416.7
36416.4
36416.2
36416
36415.8
36415.5
36415.3
36415.1
36414.8
36414.5
36414.3
36414
36413.7
36413.5
36413.2
36412.9
36412.6
36412.3
36412
36411.6
36411.3
36411
36410.6
36410.3
36410
36409.6
36409.2
36408.9
36408.5
36408.1
36407.8
36407.4
36407
36406.6
36406.2
36405.8
36405.3
36404.9
36404.5
36404
36403.6
36403.2
36402.7
36402.2
36401.8
36401.3
36400.8
36400.4
36399.9
36399.4
36398.9
36398.4
36397.9
36397.3
36396.8
36396.3
36395.7
36395.2
36394.7
36394.1
36393.5
36393
36392.4
36391.8
36391.3
36390.7
36390.1
36389.5
36388.9
36388.2
36387.6
36387
36386.4
36385.7
36385.1
36384.5
36383.8
36383.1
36382.5
36381.8
36381.1
36380.4
36379.8
36379.1
36378.4
36377.7
36376.9
36376.2
36375.5
36374.8
36374
36373.3
36372.5
36371.8
36371
36370.3
36369.5
36368.7
36367.9
36367.1
36366.4
36365.6
36364.7
36363.9
36363.1
36362.3
36361.5
36360.6
36359.8
36358.9
36358.1
36357.2
36356.4
36355.5
36354.6
36353.7
36352.8
36351.9
36351
36350.1
36349.2
36348.3
36347.4
36346.4
36345.5
36344.6
36343.6
36342.7
36341.7
36340.7
36339.8
36338.8
36337.8
36336.8
36335.8
36334.8
36333.8
36332.8
36331.8
36330.7
36329.7
36328.7
36327.6
36326.6
36325.5
36324.5
36323.4
36322.3
36321.2
36320.2
36319.1
36318
36316.9
36315.8
36314.7
36313.5
36312.4
36311.3
36310.1
36309
36307.8
36306.7
36305.5
36304.4
36303.2
36302
36300.8
36299.6
36298.4
36297.2
36296
36294.8
36293.6
36292.4
36291.1
36289.9
36288.6
36287.4
36286.1
36284.9
36283.6
36282.3
36281.1
36279.8
36278.5
36277.2
36275.9
36274.6
36273.2
36271.9
36270.6
36269.3
36267.9
36266.6
36265.2
36263.9
36262.5
36261.1
36259.8
36258.4
36257
36255.6
36254.2
36252.8
36251.4
36250
36248.6
36247.1
36245.7
36244.2
36242.8
36241.3
36239.9
36238.4
36237
36235.5
36234
36232.5
36231
36229.5
36228
36226.5
36225
36223.5
36221.9
36220.4
36218.9
36217.3
36215.8
36214.2
36212.6
36211.1
36209.5
36207.9
36206.3
36204.7
36203.1
36201.5
36199.9
36198.3
36196.7
36195
36193.4
36191.7
36190.1
36188.4
36186.8
36185.1
36183.4
36181.8
36180.1
36178.4
36176.7
36175
36173.3
36171.6
36169.8
36168.1
36166.4
36164.7
36162.9
36161.2
36159.4
36157.6
36155.9
36154.1
36152.3
36150.5
36148.7
36146.9
36145.1
36143.3
36141.5
36139.7
36137.9
36136
36134.2
36132.4
36130.5
36128.6
36126.8
36124.9
36123
36121.2
36119.3
36117.4
36115.5
36113.6
36111.7
36109.7
36107.8
36105.9
36104
36102
36100.1
36098.1
36096.2
36094.2
36092.2
36090.2
36088.3
36086.3
36084.3
36082.3
36080.3
36078.3
36076.2
36074.2
36072.2
36070.2
36068.1
36066.1
36064
36061.9
36059.9
36057.8
36055.7
36053.6
36051.6
36049.5
36047.4
36045.2
36043.1
36041
36038.9
36036.8
36034.6
36032.5
36030.3
36028.2
36026
36023.8
36021.7
36019.5
36017.3
36015.1
36012.9
36010.7
36008.5
36006.3
36004
36001.8
35999.6
35997.3
35995.1
35992.8
35990.6
35988.3
35986.1
35983.8
35981.5
35979.2
35976.9
35974.6
35972.3
35970
35967.7
35965.4
35963
35960.7
35958.3
35956
35953.6
35951.3
35948.9
35946.5
35944.2
35941.8
35939.4
35937
35934.6
35932.2
35929.8
35927.3
35924.9
35922.5
35920
35917.6
35915.2
35912.7
35910.2
35907.8
35905.3
35902.8
35900.3
35897.8
35895.3
35892.8
35890.3
35887.8
35885.3
35882.7
35880.2
35877.7
35875.1
35872.6
35870
35867.4
35864.9
35862.3
35859.7
35857.1
35854.5
35851.9
35849.3
35846.7
35844.1
35841.5
35838.8
35836.2
35833.5
35830.9
35828.2
35825.6
35822.9
35820.2
35817.6
35814.9
35812.2
35809.5
35806.8
35804.1
35801.3
35798.6
35795.9
35793.2
35790.4
35787.7
35784.9
35782.2
35779.4
35776.6
35773.9
35771.1
35768.3
35765.5
35762.7
35759.9
35757.1
35754.2
35751.4
35748.6
35745.8
35742.9
35740.1
35737.2
35734.3
35731.5
35728.6
35725.7
35722.8
35719.9
35717
35714.1
35711.2
35708.3
35705.4
35702.5
35699.5
35696.6
35693.6
35690.7
35687.7
35684.8
35681.8
35678.8
35675.8
35672.8
35669.8
35666.8
35663.8
35660.8
35657.8
35654.8
35651.7
35648.7
35645.7
35642.6
35639.6
35636.5
35633.4
35630.4
35627.3
35624.2
35621.1
35618
35614.9
35611.8
35608.7
35605.5
35602.4
35599.3
35596.1
35593
35589.8
35586.7
35583.5
35580.3
35577.2
35574
35570.8
35567.6
35564.4
35561.2
35558
35554.7
35551.5
35548.3
35545
35541.8
35538.5
35535.3
35532
35528.7
35525.5
35522.2
35518.9
35515.6
35512.3
35509
35505.7
35502.4
35499
35495.7
35492.4
35489
35485.7
35482.3
35479
35475.6
35472.2
35468.8
35465.5
35462.1
35458.7
35455.3
35451.9
35448.4
35445
35441.6
35438.1
35434.7
35431.3
35427.8
35424.3
35420.9
35417.4
35413.9
35410.4
35407
35403.5
35400
35396.4
35392.9
35389.4
35385.9
35382.4
35378.8
35375.3
35371.7
35368.2
35364.6
35361
35357.4
35353.9
35350.3
35346.7
35343.1
35339.5
35335.9
35332.2
35328.6
35325
35321.3
35317.7
35314
35310.4
35306.7
35303.1
35299.4
35295.7
35292
35288.3
35284.6
35280.9
35277.2
35273.5
35269.8
35266
35262.3
35258.5
35254.8
35251
35247.3
35243.5
35239.7
35236
35232.2
35228.4
35224.6
35220.8
35217
35213.1
35209.3
35205.5
35201.7
35197.8
35194
35190.1
35186.3
35182.4
35178.5
35174.6
35170.7
35166.9
35163
35159.1
35155.1
35151.2
35147.3
35143.4
35139.4
35135.5
35131.6
35127.6
35123.6
35119.7
35115.7
35111.7
35107.7
35103.7
35099.7
35095.7
35091.7
35087.7
35083.7
35079.7
35075.6
35071.6
35067.5
35063.5
35059.4
35055.4
35051.3
35047.2
35043.1
35039
35034.9
35030.8
35026.7
35022.6
35018.5
35014.4
35010.2
35006.1
35001.9
34997.8
34993.6
34989.5
34985.3
34981.1
34976.9
34972.7
34968.5
34964.3
34960.1
34955.9
34951.7
34947.5
34943.2
34939
34934.7
34930.5
34926.2
34922
34917.7
34913.4
34909.1
34904.8
34900.5
34896.2
34891.9
34887.6
34883.3
34879
34874.6
34870.3
34865.9
34861.6
34857.2
34852.9
34848.5
34844.1
34839.7
34835.3
34830.9
34826.5
34822.1
34817.7
34813.3
34808.9
34804.4
34800
34795.5
34791.1
34786.6
34782.2
34777.7
34773.2
34768.7
34764.2
34759.7
34755.2
34750.7
34746.2
34741.7
34737.2
34732.6
34728.1
34723.5
34719
34714.4
34709.8
34705.3
34700.7
34696.1
34691.5
34686.9
34682.3
34677.7
34673.1
34668.5
34663.8
34659.2
34654.5
34649.9
34645.2
34640.6
34635.9
34631.2
34626.6
34621.9
34617.2
34612.5
34607.8
34603.1
34598.3
34593.6
34588.9
34584.1
34579.4
34574.6
34569.9
34565.1
34560.4
34555.6
34550.8
34546
34541.2
34536.4
34531.6
34526.8
34522
34517.1
34512.3
34507.5
34502.6
34497.8
34492.9
34488
34483.2
34478.3
34473.4
34468.5
34463.6
34458.7
34453.8
34448.9
34444
34439
34434.1
34429.2
34424.2
34419.3
34414.3
34409.3
34404.4
34399.4
34394.4
34389.4
34384.4
34379.4
34374.4
34369.4
34364.3
34359.3
34354.3
34349.2
34344.2
34339.1
34334.1
34329
34323.9
34318.8
34313.8
34308.7
34303.6
34298.4
34293.3
34288.2
34283.1
34278
34272.8
34267.7
34262.5
34257.4
34252.2
34247
34241.8
34236.7
34231.5
34226.3
34221.1
34215.9
34210.6
34205.4
34200.2
34194.9
34189.7
34184.5
34179.2
34173.9
34168.7
34163.4
34158.1
34152.8
34147.5
34142.2
34136.9
34131.6
34126.3
34121
34115.6
34110.3
34104.9
34099.6
34094.2
34088.9
34083.5
34078.1
34072.7
34067.3
34061.9
34056.5
34051.1
34045.7
34040.3
34034.9
34029.4
34024
34018.5
34013.1
34007.6
34002.2
33996.7
33991.2
33985.7
33980.2
33974.7
33969.2
33963.7
33958.2
33952.6
33947.1
33941.6
33936
33930.5
33924.9
33919.3
33913.8
33908.2
33902.6
33897
33891.4
33885.8
33880.2
33874.6
33869
33863.3
33857.7
33852
33846.4
33840.7
33835.1
33829.4
33823.7
33818
33812.4
33806.7
33801
33795.2
33789.5
33783.8
33778.1
33772.3
33766.6
33760.9
33755.1
33749.3
33743.6
33737.8
33732
33726.2
33720.4
33714.6
33708.8
33703
33697.2
33691.4
33685.5
33679.7
33673.8
33668
33662.1
33656.3
33650.4
33644.5
33638.6
33632.7
33626.8
33620.9
33615
33609.1
33603.2
33597.2
33591.3
33585.3
33579.4
33573.4
33567.5
33561.5
33555.5
33549.5
33543.5
33537.5
33531.5
33525.5
33519.5
33513.5
33507.5
33501.4
33495.4
33489.3
33483.3
33477.2
33471.1
33465.1
33459
33452.9
33446.8
33440.7
33434.6
33428.5
33422.3
33416.2
33410.1
33403.9
33397.8
33391.6
33385.4
33379.3
33373.1
33366.9
33360.7
33354.5
33348.3
33342.1
33335.9
33329.7
33323.4
33317.2
33311
33304.7
33298.5
33292.2
33285.9
33279.7
33273.4
33267.1
33260.8
33254.5
33248.2
33241.9
33235.5
33229.2
33222.9
33216.5
33210.2
33203.8
33197.5
33191.1
33184.7
33178.3
33171.9
33165.5
33159.1
33152.7
33146.3
33139.9
33133.5
33127
33120.6
33114.1
33107.7
33101.2
33094.7
33088.3
33081.8
33075.3
33068.8
33062.3
33055.8
33049.3
33042.7
33036.2
33029.7
33023.1
33016.6
33010
33003.4
32996.9
32990.3
32983.7
32977.1
32970.5
32963.9
32957.3
32950.7
32944.1
32937.4
32930.8
32924.1
32917.5
32910.8
32904.2
32897.5
32890.8
32884.1
32877.4
32870.7
32864
32857.3
32850.6
32843.9
32837.1
32830.4
32823.7
32816.9
32810.1
32803.4
32796.6
32789.8
32783
32776.2
32769.4
32762.6
32755.8
32749
32742.2
32735.3
32728.5
32721.7
32714.8
32707.9
32701.1
32694.2
32687.3
32680.4
32673.5
32666.6
32659.7
32652.8
32645.9
32638.9
32632
32625.1
32618.1
32611.2
32604.2
32597.2
32590.2
32583.3
32576.3
32569.3
32562.3
32555.3
32548.2
32541.2
32534.2
32527.1
32520.1
32513
32506
32498.9
32491.8
32484.8
32477.7
32470.6
32463.5
32456.4
32449.3
32442.1
32435
32427.9
32420.7
32413.6
32406.4
32399.3
32392.1
32384.9
32377.7
32370.5
32363.3
32356.1
32348.9
32341.7
32334.5
32327.2
32320
32312.8
32305.5
32298.3
32291
32283.7
32276.4
32269.1
32261.9
32254.6
32247.2
32239.9
32232.6
32225.3
32217.9
32210.6
32203.3
32195.9
32188.5
32181.2
32173.8
32166.4
32159
32151.6
32144.2
32136.8
32129.4
32122
32114.5
32107.1
32099.6
32092.2
32084.7
32077.3
32069.8
32062.3
32054.8
32047.3
32039.8
32032.3
32024.8
32017.3
32009.7
32002.2
31994.6
31987.1
31979.5
31972
31964.4
31956.8
31949.2
31941.6
31934
31926.4
31918.8
31911.2
31903.6
31895.9
31888.3
31880.6
31873
31865.3
31857.7
31850
31842.3
31834.6
31826.9
31819.2
31811.5
31803.8
31796
31788.3
31780.6
31772.8
31765.1
31757.3
31749.5
31741.8
31734
31726.2
31718.4
31710.6
31702.8
31695
31687.1
31679.3
31671.5
31663.6
31655.8
31647.9
31640
31632.2
31624.3
31616.4
31608.5
31600.6
31592.7
31584.8
31576.8
31568.9
31561
31553
31545.1
31537.1
31529.1
31521.2
31513.2
31505.2
31497.2
31489.2
31481.2
31473.2
31465.2
31457.1
31449.1
31441
31433
31424.9
31416.9
31408.8
31400.7
31392.6
31384.5
31376.4
31368.3
31360.2
31352.1
31343.9
31335.8
31327.7
31319.5
31311.3
31303.2
31295
31286.8
31278.6
31270.4
31262.2
31254
31245.8
31237.6
31229.4
31221.1
31212.9
31204.6
31196.4
31188.1
31179.8
31171.5
31163.3
31155
31146.7
31138.3
31130
31121.7
31113.4
31105
31096.7
31088.3
31080
31071.6
31063.2
31054.8
31046.5
31038.1
31029.7
31021.2
31012.8
31004.4
30996
30987.5
30979.1
30970.6
30962.2
30953.7
30945.2
30936.7
30928.2
30919.7
30911.2
30902.7
30894.2
30885.7
30877.1
30868.6
30860
30851.5
30842.9
30834.3
30825.8
30817.2
30808.6
30800
30791.4
30782.8
30774.1
30765.5
30756.9
30748.2
30739.6
30730.9
30722.3
30713.6
30704.9
30696.2
30687.5
30678.8
30670.1
30661.4
30652.7
30643.9
30635.2
30626.4
30617.7
30608.9
30600.2
30591.4
30582.6
30573.8
30565
30556.2
30547.4
30538.6
30529.7
30520.9
30512.1
30503.2
30494.4
30485.5
30476.6
30467.7
30458.8
30450
30441.1
30432.1
30423.2
30414.3
30405.4
30396.4
30387.5
30378.5
30369.6
30360.6
30351.6
30342.6
30333.7
30324.7
30315.6
30306.6
30297.6
30288.6
30279.5
30270.5
30261.5
30252.4
30243.3
30234.3
30225.2
30216.1
30207
30197.9
30188.8
30179.7
30170.5
30161.4
30152.3
30143.1
30134
30124.8
30115.6
30106.5
30097.3
30088.1
30078.9
30069.7
30060.5
30051.2
30042
30032.8
30023.5
30014.3
30005
29995.7
29986.5
29977.2
29967.9
29958.6
29949.3
29940
29930.7
29921.3
29912
29902.7
29893.3
29883.9
29874.6
29865.2
29855.8
29846.4
29837
29827.6
29818.2
29808.8
29799.4
29790
29780.5
29771.1
29761.6
29752.1
29742.7
29733.2
29723.7
29714.2
29704.7
29695.2
29685.7
29676.2
29666.6
29657.1
29647.5
29638
29628.4
29618.9
29609.3
29599.7
29590.1
29580.5
29570.9
29561.3
29551.6
29542
29532.4
29522.7
29513.1
29503.4
29493.7
29484.1
29474.4
29464.7
29455
29445.3
29435.6
29425.8
29416.1
29406.4
29396.6
29386.9
29377.1
29367.3
29357.6
29347.8
29338
29328.2
29318.4
29308.6
29298.7
29288.9
29279.1
29269.2
29259.4
29249.5
29239.6
29229.8
29219.9
29210
29200.1
29190.2
29180.2
29170.3
29160.4
29150.5
29140.5
29130.5
29120.6
29110.6
29100.6
29090.6
29080.7
29070.7
29060.6
29050.6
29040.6
29030.6
29020.5
29010.5
29000.4
28990.4
28980.3
28970.2
28960.1
28950
28939.9
28929.8
28919.7
28909.6
28899.4
28889.3
28879.1
28869
28858.8
28848.6
28838.5
28828.3
28818.1
28807.9
28797.7
28787.4
28777.2
28767
28756.7
28746.5
28736.2
28725.9
28715.7
28705.4
28695.1
28684.8
28674.5
28664.2
28653.8
28643.5
28633.2
28622.8
28612.5
28602.1
28591.7
28581.4
28571
28560.6
28550.2
28539.8
28529.3
28518.9
28508.5
28498
28487.6
28477.1
28466.7
28456.2
28445.7
28435.2
28424.7
28414.2
28403.7
28393.2
28382.7
28372.1
28361.6
28351
28340.5
28329.9
28319.3
28308.7
28298.1
28287.5
28276.9
28266.3
28255.7
28245
28234.4
28223.7
28213.1
28202.4
28191.7
28181.1
28170.4
28159.7
28149
28138.3
28127.5
28116.8
28106.1
28095.3
28084.6
28073.8
28063
28052.2
28041.5
28030.7
28019.9
28009.1
27998.2
27987.4
27976.6
27965.7
27954.9
27944
27933.1
27922.3
27911.4
27900.5
27889.6
27878.7
27867.8
27856.8
27845.9
27835
27824
27813.1
27802.1
27791.1
27780.1
27769.1
27758.2
27747.1
27736.1
27725.1
27714.1
27703
27692
27680.9
27669.9
27658.8
27647.7
27636.6
27625.5
27614.4
27603.3
27592.2
27581.1
27569.9
27558.8
27547.6
27536.5
27525.3
27514.1
27502.9
27491.7
27480.5
27469.3
27458.1
27446.9
27435.6
27424.4
27413.1
27401.9
27390.6
27379.3
27368
27356.7
27345.4
27334.1
27322.8
27311.5
27300.1
27288.8
27277.5
27266.1
27254.7
27243.3
27232
27220.6
27209.2
27197.7
27186.3
27174.9
27163.5
27152
27140.6
27129.1
27117.6
27106.2
27094.7
27083.2
27071.7
27060.2
27048.6
27037.1
27025.6
27014
27002.5
26990.9
26979.4
26967.8
26956.2
26944.6
26933
26921.4
26909.8
26898.1
26886.5
26874.8
26863.2
26851.5
26839.9
26828.2
26816.5
26804.8
26793.1
26781.4
26769.6
26757.9
26746.2
26734.4
26722.7
26710.9
26699.1
26687.4
26675.6
26663.8
26652
26640.1
26628.3
26616.5
26604.6
26592.8
26580.9
26569.1
26557.2
26545.3
26533.4
26521.5
26509.6
26497.7
26485.8
26473.8
26461.9
26449.9
26438
26426
26414
26402
26390
26378
26366
26354
26342
26329.9
26317.9
26305.8
26293.8
26281.7
26269.6
26257.5
26245.4
26233.3
26221.2
26209.1
26197
26184.8
26172.7
26160.5
26148.3
26136.2
26124
26111.8
26099.6
26087.4
26075.2
26062.9
26050.7
26038.4
26026.2
26013.9
26001.6
25989.4
25977.1
25964.8
25952.5
25940.2
25927.8
25915.5
25903.2
25890.8
25878.4
25866.1
25853.7
25841.3
25828.9
25816.5
25804.1
25791.7
25779.3
25766.8
25754.4
25741.9
25729.5
25717
25704.5
25692
25679.5
25667
25654.5
25642
25629.4
25616.9
25604.3
25591.8
25579.2
25566.6
25554
25541.4
25528.8
25516.2
25503.6
25490.9
25478.3
25465.7
25453
25440.3
25427.6
25415
25402.3
25389.6
25376.9
25364.1
25351.4
25338.7
25325.9
25313.2
25300.4
25287.6
25274.8
25262
25249.2
25236.4
25223.6
25210.8
25197.9
25185.1
25172.2
25159.4
25146.5
25133.6
25120.7
25107.8
25094.9
25082
25069.1
25056.1
25043.2
25030.2
25017.3
25004.3
24991.3
24978.3
24965.3
24952.3
24939.3
24926.3
24913.2
24900.2
24887.1
24874.1
24861
24847.9
24834.8
24821.7
24808.6
24795.5
24782.4
24769.2
24756.1
24742.9
24729.7
24716.6
24703.4
24690.2
24677
24663.8
24650.6
24637.3
24624.1
24610.9
24597.6
24584.3
24571.1
24557.8
24544.5
24531.2
24517.9
24504.6
24491.2
24477.9
24464.5
24451.2
24437.8
24424.4
24411.1
24397.7
24384.3
24370.8
24357.4
24344
24330.6
24317.1
24303.6
24290.2
24276.7
24263.2
24249.7
24236.2
24222.7
24209.2
24195.6
24182.1
24168.5
24155
24141.4
24127.8
24114.2
24100.7
24087
24073.4
24059.8
24046.2
24032.5
24018.9
24005.2
23991.5
23977.8
23964.2
23950.5
23936.7
23923
23909.3
23895.5
23881.8
23868
23854.3
23840.5
23826.7
23812.9
23799.1
23785.3
23771.5
23757.6
23743.8
23729.9
23716.1
23702.2
23688.3
23674.4
23660.5
23646.6
23632.7
23618.8
23604.8
23590.9
23576.9
23563
23549
23535
23521
23507
23493
23479
23464.9
23450.9
23436.8
23422.8
23408.7
23394.6
23380.5
23366.4
23352.3
23338.2
23324.1
23309.9
23295.8
23281.6
23267.5
23253.3
23239.1
23224.9
23210.7
23196.5
23182.2
23168
23153.8
23139.5
23125.2
23111
23096.7
23082.4
23068.1
23053.8
23039.5
23025.1
23010.8
22996.4
22982.1
22967.7
22953.3
22938.9
22924.5
22910.1
22895.7
22881.3
22866.8
22852.4
22837.9
22823.4
22809
22794.5
22780
22765.5
22750.9
22736.4
22721.9
22707.3
22692.8
22678.2
22663.6
22649
22634.4
22619.8
22605.2
22590.6
22576
22561.3
22546.7
22532
22517.3
22502.6
22487.9
22473.2
22458.5
22443.8
22429
22414.3
22399.5
22384.8
22370
22355.2
22340.4
22325.6
22310.8
22296
22281.1
22266.3
22251.4
22236.6
22221.7
22206.8
22191.9
22177
22162.1
22147.2
22132.2
22117.3
22102.3
22087.4
22072.4
22057.4
22042.4
22027.4
22012.4
21997.4
21982.3
21967.3
21952.2
21937.2
21922.1
21907
21891.9
21876.8
21861.7
21846.5
21831.4
21816.3
21801.1
21785.9
21770.7
21755.6
21740.4
21725.1
21709.9
21694.7
21679.5
21664.2
21648.9
21633.7
21618.4
21603.1
21587.8
21572.5
21557.2
21541.8
21526.5
21511.1
21495.8
21480.4
21465
21449.6
21434.2
21418.8
21403.4
21388
21372.5
21357.1
21341.6
21326.1
21310.6
21295.1
21279.6
21264.1
21248.6
21233
21217.5
21201.9
21186.4
21170.8
21155.2
21139.6
21124
21108.3
21092.7
21077.1
21061.4
21045.8
21030.1
21014.4
20998.7
20983
20967.3
20951.6
20935.8
20920.1
20904.3
20888.5
20872.8
20857
20841.2
20825.4
20809.5
20793.7
20777.9
20762
20746.1
20730.3
20714.4
20698.5
20682.6
20666.7
20650.7
20634.8
20618.9
20602.9
20586.9
20570.9
20555
20538.9
20522.9
20506.9
20490.9
20474.8
20458.8
20442.7
20426.6
20410.5
20394.5
20378.3
20362.2
20346.1
20330
20313.8
20297.6
20281.5
20265.3
20249.1
20232.9
20216.7
20200.4
20184.2
20167.9
20151.7
20135.4
20119.1
20102.8
20086.5
20070.2
20053.9
20037.6
20021.2
20004.9
19988.5
19972.1
19955.7
19939.3
19922.9
19906.5
19890.1
19873.6
19857.2
19840.7
19824.2
19807.7
19791.2
19774.7
19758.2
19741.7
19725.1
19708.6
19692
19675.4
19658.8
19642.2
19625.6
19609
19592.4
19575.7
19559.1
19542.4
19525.7
19509.1
19492.4
19475.7
19458.9
19442.2
19425.5
19408.7
19391.9
19375.2
19358.4
19341.6
19324.8
19308
19291.1
19274.3
19257.4
19240.6
19223.7
19206.8
19189.9
19173
19156.1
19139.1
19122.2
19105.3
19088.3
19071.3
19054.3
19037.3
19020.3
19003.3
18986.3
18969.2
18952.2
18935.1
18918
18900.9
18883.8
18866.7
18849.6
18832.5
18815.3
18798.1
18781
18763.8
18746.6
18729.4
18712.2
18695
18677.7
18660.5
18643.2
18625.9
18608.7
18591.4
18574.1
18556.7
18539.4
18522.1
18504.7
18487.4
18470
18452.6
18435.2
18417.8
18400.4
18382.9
18365.5
18348
18330.6
18313.1
18295.6
18278.1
18260.6
18243.1
18225.5
18208
18190.4
18172.8
18155.3
18137.7
18120.1
18102.4
18084.8
18067.2
18049.5
18031.9
18014.2
17996.5
17978.8
17961.1
17943.4
17925.6
17907.9
17890.1
17872.3
17854.6
17836.8
17819
17801.1
17783.3
17765.5
17747.6
17729.8
17711.9
17694
17676.1
17658.2
17640.3
17622.3
17604.4
17586.4
17568.4
17550.5
17532.5
17514.5
17496.4
17478.4
17460.4
17442.3
17424.2
17406.2
17388.1
17370
17351.9
17333.7
17315.6
17297.4
17279.3
17261.1
17242.9
17224.7
17206.5
17188.3
17170
17151.8
17133.5
17115.3
17097
17078.7
17060.4
17042.1
17023.7
17005.4
16987
16968.7
16950.3
16931.9
16913.5
16895.1
16876.6
16858.2
16839.7
16821.3
16802.8
16784.3
16765.8
16747.3
16728.8
16710.2
16691.7
16673.1
16654.5
16635.9
16617.3
16598.7
16580.1
16561.5
16542.8
16524.2
16505.5
16486.8
16468.1
16449.4
16430.7
16411.9
16393.2
16374.4
16355.6
16336.8
16318
16299.2
16280.4
16261.6
16242.7
16223.9
16205
16186.1
16167.2
16148.3
16129.4
16110.4
16091.5
16072.5
16053.5
16034.6
16015.6
15996.5
15977.5
15958.5
15939.4
15920.4
15901.3
15882.2
15863.1
15844
15824.9
15805.7
15786.6
15767.4
15748.2
15729.1
15709.9
15690.6
15671.4
15652.2
15632.9
15613.6
15594.4
15575.1
15555.8
15536.5
15517.1
15497.8
15478.4
15459.1
15439.7
15420.3
15400.9
15381.5
15362
15342.6
15323.1
15303.6
15284.2
15264.7
15245.2
15225.6
15206.1
15186.5
15167
15147.4
15127.8
15108.2
15088.6
15069
15049.3
15029.7
15010
14990.3
14970.6
14950.9
14931.2
14911.5
14891.7
14872
14852.2
14832.4
14812.6
14792.8
14773
14753.2
14733.3
14713.4
14693.6
14673.7
14653.8
14633.9
14613.9
14594
14574
14554.1
14534.1
14514.1
14494.1
14474
14454
14434
14413.9
14393.8
14373.7
14353.6
14333.5
14313.4
14293.2
14273.1
14252.9
14232.7
14212.5
14192.3
14172.1
14151.8
14131.6
14111.3
14091.1
14070.8
14050.5
14030.1
14009.8
13989.5
13969.1
13948.7
13928.3
13907.9
13887.5
13867.1
13846.7
13826.2
13805.7
13785.2
13764.8
13744.2
13723.7
13703.2
13682.6
13662.1
13641.5
13620.9
13600.3
13579.7
13559
13538.4
13517.7
13497.1
13476.4
13455.7
13434.9
13414.2
13393.5
13372.7
13351.9
13331.2
13310.4
13289.5
13268.7
13247.9
13227
13206.2
13185.3
13164.4
13143.5
13122.5
13101.6
13080.6
13059.7
13038.7
13017.7
12996.7
12975.7
12954.6
12933.6
12912.5
12891.4
12870.3
12849.2
12828.1
12807
12785.8
12764.7
12743.5
12722.3
12701.1
12679.8
12658.6
12637.4
12616.1
12594.8
12573.5
12552.2
12530.9
12509.6
12488.2
12466.8
12445.5
12424.1
12402.7
12381.2
12359.8
12338.3
12316.9
12295.4
12273.9
12252.4
12230.9
12209.3
12187.8
12166.2
12144.6
12123
12101.4
12079.8
12058.2
12036.5
12014.8
11993.2
11971.5
11949.7
11928
11906.3
11884.5
11862.7
11841
11819.2
11797.3
11775.5
11753.7
11731.8
11709.9
11688
11666.1
11644.2
11622.3
11600.3
11578.4
11556.4
11534.4
11512.4
11490.4
11468.3
11446.3
11424.2
11402.1
11380
11357.9
11335.8
11313.7
11291.5
11269.3
11247.1
11224.9
11202.7
11180.5
11158.2
11136
11113.7
11091.4
11069.1
11046.8
11024.4
11002.1
10979.7
10957.3
10934.9
10912.5
10890.1
10867.6
10845.2
10822.7
10800.2
10777.7
10755.2
10732.7
10710.1
10687.5
10665
10642.4
10619.7
10597.1
10574.5
10551.8
10529.1
10506.4
10483.7
10461
10438.3
10415.5
10392.8
10370
10347.2
10324.4
10301.5
10278.7
10255.8
10233
10210.1
10187.2
10164.2
10141.3
10118.3
10095.4
10072.4
10049.4
10026.4
10003.3
9980.29
9957.23
9934.15
9911.05
9887.94
9864.81
9841.67
9818.51
9795.34
9772.15
9748.94
9725.72
9702.48
9679.23
9655.96
9632.67
9609.37
9586.05
9562.72
9539.37
9516
9492.62
9469.22
9445.81
9422.38
9398.93
9375.47
9351.99
9328.5
9304.99
9281.46
9257.92
9234.36
9210.78
9187.19
9163.58
9139.96
9116.32
9092.66
9068.99
9045.3
9021.6
8997.88
8974.14
8950.38
8926.61
8902.83
8879.02
8855.2
8831.37
8807.52
8783.65
8759.76
8735.86
8711.94
8688.01
8664.06
8640.09
8616.1
8592.1
8568.08
8544.05
8520
8495.93
8471.85
8447.75
8423.63
8399.5
8375.35
8351.18
8326.99
8302.79
8278.58
8254.34
8230.09
8205.82
8181.54
8157.24
8132.92
8108.58
8084.23
8059.86
8035.48
8011.07
7986.65
7962.22
7937.76
7913.29
7888.8
7864.3
7839.78
7815.24
7790.68
7766.11
7741.52
7716.91
7692.29
7667.65
7642.99
7618.31
7593.62
7568.91
7544.18
7519.44
7494.68
7469.9
7445.1
7420.29
7395.46
7370.61
7345.74
7320.86
7295.96
7271.04
7246.11
7221.16
7196.19
7171.2
7146.19
7121.17
7096.13
7071.07
7046
7020.91
6995.8
6970.67
6945.52
6920.36
6895.18
6869.98
6844.77
6819.53
6794.28
6769.01
6743.73
6718.42
6693.1
6667.76
6642.4
6617.03
6591.64
6566.23
6540.8
6515.35
6489.88
6464.4
6438.9
6413.38
6387.85
6362.29
6336.72
6311.13
6285.52
6259.89
6234.25
6208.59
6182.91
6157.21
6131.49
6105.76
6080
6054.23
6028.44
6002.63
5976.81
5950.96
5925.1
5899.22
5873.32
5847.4
5821.47
5795.51
5769.54
5743.55
5717.54
5691.51
5665.46
5639.4
5613.31
5587.21
5561.09
5534.95
5508.8
5482.62
5456.43
5430.21
5403.98
5377.73
5351.46
5325.17
5298.87
5272.54
5246.2
5219.83
5193.45
5167.05
5140.63
5114.19
5087.74
5061.26
5034.77
5008.25
4981.72
4955.17
4928.6
4902.01
4875.4
4848.77
4822.13
4795.46
4768.78
4742.07
4715.35
4688.61
4661.85
4635.07
4608.27
4581.45
4554.61
4527.76
4500.88
4473.98
4447.07
4420.14
4393.18
4366.21
4339.22
4312.21
4285.17
4258.12
4231.05
4203.96
4176.86
4149.73
4122.58
4095.41
4068.22
4041.02
4013.79
3986.55
3959.28
3932
3904.69
3877.37
3850.02
3822.66
3795.27
3767.87
3740.45
3713
3685.54
3658.06
3630.55
3603.03
3575.49
3547.93
3520.34
3492.74
3465.12
3437.48
3409.81
3382.13
3354.43
3326.7
3298.96
3271.2
3243.41
3215.61
3187.79
3159.94
3132.08
3104.19
3076.29
3048.36
3020.42
2992.45
2964.46
2936.46
2908.43
2880.38
2852.31
2824.23
2796.12
2767.99
2739.84
2711.67
2683.47
2655.26
2627.03
2598.78
2570.5
2542.21
2513.89
2485.56
2457.2
2428.82
2400.42
2372
2343.56
2315.1
2286.62
2258.12
2229.59
2201.05
2172.48
2143.89
2115.29
2086.66
2058.01
2029.34
2000.64
1971.93
1943.2
1914.44
1885.66
1856.86
1828.05
1799.2
1770.34
1741.46
1712.55
1683.63
1654.68
1625.71
1596.72
1567.71
1538.68
1509.62
1480.54
1451.45
1422.33
1393.19
1364.02
1334.84
1305.63
1276.4
1247.15
1217.88
1188.59
1159.27
1129.94
1100.58
1071.2
1041.8
1012.37
982.926
953.458
923.968
894.456
864.922
835.366
805.788
776.187
746.565
716.92
687.253
657.564
627.853
598.12
568.364
538.586
508.785
478.963
449.117
419.25
389.36
359.448
329.513
299.555
269.576
239.573
209.548
179.501
149.43
119.338
89.2221
59.0839
28.923
-1.26068
